1.0
1.0
1.0003399
0.9921437
1.0003631
0.99987274
1.0007458
1.0000013
1.0
0.9430071
0.99298865
0.9999656
0.99994475
1.0010417
1.002926
1.0000515
1.0000006
0.9978449
1.0
1.0
1.0446888
0.9986013
0.9986047
0.99938196
1.0017575
1.0
1.0
1.0010751
0.9984955
0.9999801
0.99886054
0.9988422
1.001997
1.0003259
0.99860644
1.0
1.0
1.0
0.99999917
1.4497147
1.0
1.0
0.9999582
1.0006759
1.0000006
1.369604
1.0
0.99997485
1.0006508
1.000122
0.9999992
1.3652365
1.0
1.0000424
1.0006753
1.0000006
1.0
1.3762797
1.0
1.0
1.0005399
1.444367
1.0
1.0017034
1.0002382
1.0
1.4741145
1.0
1.0
0.99853194
0.9997115
1.482601
1.0
1.0006455
0.9998845
1.0
1.4218256
1.0
1.0985472
1.0000004
1.3059317
1.0
1.0
0.9979629
1.0
1.6053228
1.0
0.9996076
0.9999977
1.0
1.517066
1.0
1.001017
1.0000007
1.4596535
1.0
1.000234
1.0000019
0.997847
1.5486974
1.0
0.9999311
1.0000002
1.0029874
1.5521963
1.0
1.0002943
1.0006754
1.3268013
1.0
1.0
1.0008705
1.4626949
1.0
1.0053376
1.0000006
1.5183914
1.0
0.9983244
1.0
1.4316438
1.0
0.9993263
1.5488337
1.0
1.0936128
1.0000267
1.3063775
1.0
1.0000064
1.0000817
1.4039603
1.0
1.0000693
1.5293912
1.0004368
0.9987086
1.0016515
1.0
1.5329722
1.0
1.0019722
1.5236666
1.0
0.99988556
1.0000432
1.4864028
1.0
1.0209618
1.6869153
0.9988942
1.000127
0.99926025
1.0003904
1.5183736
1.0
1.0
1.4027114
1.0
1.0000429
1.0008084
1.4536964
1.000619
1.0006685
1.0010226
1.3816205
1.0
1.0007825
1.0
1.4507669
1.0
0.999957
1.0000007
1.4579879
1.0
1.000615
1.0005302
1.3312802
0.99992156
1.0
1.6284589
1.0
1.0000432
1.0000006
1.4547939
1.0
1.0006763
1.0012175
1.3600842
1.0005789
1.0010148
1.0
1.466639
1.0
1.0000432
1.0000007
1.4580367
