1.158247
1.179905
1.4508791
1.6856292
1.5619147
1.5564233
1.4853289
1.343105
1.0853071
1.6785607
1.641217
1.3224409
1.5433629
1.3869057
1.6280769
1.5419302
1.3107175
1.4780512
1.1582364
1.1801766
1.6856134
1.6531363
1.6365917
1.4852957
1.5002538
1.3722668
1.1112
1.4145458
1.6411977
1.3212278
1.536756
1.3836886
1.6321288
1.5417559
1.4582986
1.308773
1.25158
1.253666
1.3553438
1.9172716
1.217514
1.2296587
1.3791639
1.4160827
1.3532315
1.9290448
1.2174981
1.3697336
1.4059474
1.5597678
1.353208
1.9290311
1.2296652
1.371143
1.4059575
1.3532335
1.3966552
1.9290382
1.2516253
1.2536926
1.5081292
1.9172634
1.2536361
1.6437925
1.4942179
1.3552939
1.9422432
1.2516153
1.2536602
1.5628213
1.4146228
1.9422649
1.2515321
1.4171561
1.5631976
1.4025347
1.9422585
1.253667
1.6886542
1.3553174
1.917262
1.2515789
1.2536615
1.6292866
1.3971995
1.9422466
1.2536788
1.5680397
1.3553239
1.40251
1.9422555
1.2515292
1.4941976
1.3552957
1.9172354
1.2536894
1.5580264
1.3553388
1.5040116
1.9422505
1.2537041
1.3822334
1.3553469
1.5081296
1.942249
1.2515866
1.5680126
1.4171262
1.917264
1.2515763
1.2536963
1.4941759
1.9172683
1.2536722
1.6574359
1.3553225
1.9172628
1.2515671
1.629281
1.3972094
1.9172355
1.2566011
1.4476272
1.9149303
1.2515526
1.6885986
1.3822079
1.9172463
1.253699
1.4563673
1.5516376
1.9172474
1.2595077
1.3718619
1.9149246
1.4564545
1.4116577
1.5081469
1.4024986
1.9422265
1.259394
1.5445254
1.9149237
1.2536749
1.4634972
1.3822086
1.9172544
1.2594173
1.630603
1.9149182
1.4487352
1.3746289
1.4017297
1.5516424
1.9422399
1.2566427
1.3919038
1.9149277
1.2515781
1.3822538
1.5081143
1.9172356
1.4634488
1.4170988
1.4941992
1.9172412
1.2515628
1.5081189
1.4024674
1.9172499
1.2536796
1.382237
1.3553368
1.9172574
1.2515632
1.4634957
1.4171488
1.9172531
1.4755598
1.3915688
1.9149109
1.2536986
1.3821903
1.3553258
1.9172646
1.2515811
1.417139
1.5081601
1.9172453
1.4634535
1.4941512
1.4024953
1.917228
1.2537322
1.3822917
1.3553435
1.9172539
