0.84234345
0.7167635
0.8227841
1.113968
0.8339957
0.82985
0.8039576
0.8215851
0.8736001
1.1884947
0.88064325
0.88470304
0.76379955
0.89077836
0.90213054
0.6969143
0.86008066
0.6709002
0.79244256
0.76720583
1.0761619
0.8752637
0.8359374
0.8297595
0.82611394
0.6927624
0.8071074
0.8300939
0.9543465
0.8559802
0.69533366
0.7380686
0.94822276
0.8874148
0.92199636
0.75731534
0.9379183
0.90414685
0.98046225
1.1497834
0.93743235
0.8697137
0.9371383
0.96939075
0.9126126
1.2603415
0.93179536
0.81054837
0.8978336
0.9665398
0.9121051
1.3108444
0.87448674
0.867266
0.92332834
0.9318592
0.94137275
1.3077198
0.94270486
0.86863536
1.0100901
1.1461345
0.6672238
0.87991714
0.8028122
0.75731033
1.2800096
0.7931327
0.69367844
0.806031
0.8095388
1.240812
0.695871
0.7867781
0.8731976
0.7384779
1.2500225
0.8404455
1.0825955
0.88077617
1.1080732
0.76917535
0.73124826
0.8900864
0.6877806
1.2861131
0.70927835
0.81081074
0.8334777
0.72303796
1.2611636
0.9399268
0.9434997
0.96708566
1.1758341
0.71066296
0.81878656
0.7580461
0.79822785
1.3013897
0.69755936
0.790761
0.79029757
0.88266724
1.2734901
0.9260614
0.9418431
0.9826866
1.1549013
0.96270925
0.94394237
1.0001369
1.121055
0.9017258
0.972607
0.9268982
1.1730533
0.93544793
0.9824819
0.72060204
1.2010047
0.7377121
0.8180725
1.1711069
0.87958735
1.076509
0.8607231
1.0967679
0.9195865
0.79566145
0.9644973
1.1981146
0.7513475
0.80115956
1.152226
0.75383073
0.72428626
0.90466034
0.70952934
1.3089803
0.7288395
0.7964425
1.1692616
0.92762524
0.9593103
0.9688282
1.1576073
0.7409608
0.85628307
1.2140863
0.6442048
0.71325743
0.7133806
0.8740827
1.3277125
0.7472717
0.7692765
1.1379684
0.9751641
0.8725481
0.9767977
1.1843694
0.90590006
0.96602035
0.95847374
1.1766645
0.88955647
0.9857881
0.9156252
1.1768548
0.90432686
0.9537061
0.9821096
1.1597048
0.93031865
0.9237609
0.9930526
1.1541209
0.82630014
0.7375651
1.1762989
0.89369196
0.95496595
0.9974065
1.1616572
0.9084118
0.9413437
0.95593876
1.1891007
0.9545057
0.98427767
0.91837406
1.162991
0.89593446
0.9659625
0.9724242
1.1645802
