0.9138713
0.7434866
0.8865063
1.1635133
0.8902546
0.9043454
0.8435966
0.8783095
0.9234952
1.2425007
0.91048396
0.9427424
0.7870021
0.9591768
0.9743724
0.7380019
0.9234406
0.6984598
0.84503317
0.8219329
1.1177443
0.93492806
0.8951979
0.88909245
0.880874
0.72502834
0.86491024
0.8628029
1.0106183
0.9121498
0.7233482
0.7773439
1.0078516
0.9364971
0.97878903
0.7826664
0.95848995
0.91434234
0.9762484
1.1797519
0.9559759
0.8792808
0.9458606
0.9821184
0.9259115
1.2788833
0.9565888
0.8212427
0.9118916
0.9815739
0.92079717
1.3300608
0.90207666
0.86795807
0.92042136
0.94896215
0.9684364
1.3296828
0.955179
0.88970184
0.9920958
1.1784835
0.7211785
0.9285872
0.8566925
0.79730135
1.2952107
0.84521717
0.7478306
0.85896415
0.85210055
1.2587477
0.74427706
0.83014107
0.9215868
0.7982314
1.2687434
0.8835212
1.0653882
0.9238992
1.1274211
0.8449761
0.81157327
0.9280647
0.7295443
1.2926677
0.7631706
0.85102844
0.8829469
0.78278047
1.2732149
0.94632494
0.94550824
0.9581543
1.2104356
0.7637187
0.8644217
0.80141157
0.8416785
1.3184615
0.75972176
0.8457602
0.8348286
0.9217348
1.282653
0.9367911
0.9467255
0.98444515
1.178147
0.95739025
0.95033765
0.9918495
1.15438
0.9420422
0.9719767
0.94164985
1.2028918
0.9648322
0.97448444
0.70903474
1.235823
0.8035023
0.8673164
1.1884639
0.93338233
1.0562292
0.9073819
1.1159167
0.93949133
0.81522703
0.9566051
1.2272465
0.81026524
0.85662824
1.1742008
0.809376
0.76303655
0.9519309
0.75769657
1.3149363
0.8031176
0.85741466
1.1824063
0.9340368
0.95741904
0.97408366
1.1746904
0.83525527
0.9061919
1.233124
0.6679538
0.7616987
0.76471716
0.918215
1.3378357
0.80891234
0.82117426
1.1658831
0.9832184
0.89544004
0.98048794
1.2064126
0.9178432
0.96372503
0.9626008
1.204449
0.8983952
0.9788738
0.93226683
1.2031324
0.9295887
0.9630602
0.9850526
1.1796305
0.9388361
0.93194
0.99235606
1.179238
0.8782793
0.8067087
1.193785
0.91512984
0.95930827
0.9919904
1.1826862
0.92873615
0.94491047
0.95447844
1.2108448
0.95460933
0.9736381
0.9261782
1.1907781
0.90781134
0.97432303
0.9737435
1.1838771
