0.77268696
0.67463374
0.74747926
0.97261846
0.7400646
0.7371131
0.7359774
0.73271894
0.77396387
1.017861
0.80391943
0.7996173
0.7108009
0.7983402
0.7845472
0.65192795
0.7677298
0.6244575
0.7096988
0.70355713
0.9290313
0.79191613
0.7491714
0.7493433
0.7358066
0.62808037
0.7307894
0.73854375
0.83498627
0.74565285
0.6490843
0.662951
0.81476504
0.7657553
0.80078703
0.6939448
0.9584923
0.9426636
1.013529
1.0424753
0.9320523
0.86188555
0.9392339
0.9903764
0.9315625
1.1562389
0.9265625
0.8248529
0.90859854
0.9921027
0.91471803
1.2179693
0.88037205
0.8831727
0.94786924
0.9415171
0.9427009
1.1923891
0.96427494
0.89733404
1.0445433
1.0633441
0.6225022
0.7740441
0.73444426
0.67127395
1.2075953
0.7035395
0.6422297
0.70680636
0.7021288
1.1543105
0.6606883
0.71999305
0.77617663
0.6844657
1.184558
0.8789986
1.1329254
0.9190702
1.075042
0.6925687
0.6623897
0.7603881
0.6390854
1.228263
0.6473475
0.7094037
0.7280557
0.6519966
1.163062
0.97044027
0.9944526
1.0056396
1.0916656
0.65567505
0.72456545
0.69066435
0.7199843
1.2256607
0.64548886
0.7097315
0.70349777
0.7790982
1.2047011
0.950992
0.9877629
1.0228536
1.0788444
0.98586875
0.9571828
1.0321648
1.03165
0.9469963
1.0230372
0.94304246
1.079443
0.9462828
1.008844
0.7712681
1.1203996
0.68745863
0.6738636
1.1132406
0.9039173
1.1215048
0.8758926
1.070949
0.94105655
0.84325427
1.0052384
1.1200782
0.6871333
0.6899328
1.103361
0.6979207
0.66226345
0.802962
0.6538683
1.2360588
0.6856636
0.6920221
1.1081417
0.95849144
0.99346125
0.9964186
1.0789771
0.67780733
0.7522827
1.1960851
0.60915035
0.66030544
0.65449023
0.779229
1.2639952
0.6715219
0.62785536
1.0150838
1.0084738
0.9121598
1.0275042
1.1122108
0.9550372
1.0039021
1.0075573
1.106399
0.9115722
1.0320655
0.9482483
1.0937886
0.93843764
0.9978031
1.0140654
1.0706743
0.97140604
0.9655418
1.0316125
1.0805315
0.749228
0.6845821
1.1286128
0.9203738
0.9835963
1.0248574
1.0708063
0.94649506
0.9838555
0.99810094
1.1120696
0.9924029
1.0235679
0.96702224
1.0876086
0.9226753
0.99637735
1.0094506
1.0707254
