1.0
1.0
1.0
1.3117527
1.0
0.9999993
1.0000026
1.0
1.0
1.2379441
1.0004786
1.0
1.0
1.0
1.0000014
1.0
1.0
1.0
1.0
1.0
1.2330275
1.0007348
1.0000051
1.0000024
1.0
1.0
1.0
1.0
1.0002624
1.0
1.0
1.0
0.9999995
1.000002
1.0000007
1.0
1.0
1.0
1.0
1.5371143
1.0
1.0
1.0
1.0
1.0
1.5890125
1.0
1.0
1.0
1.0000004
1.0
1.6597645
1.0
1.0
1.0
1.0
1.0
1.5875996
1.0
1.0
1.0000005
1.6217569
1.0
1.0000229
1.0000026
1.0
1.6993301
1.0
1.0
1.0
1.0
1.6499227
1.0
1.0000008
1.0000075
1.0
1.6694604
1.0
1.2228876
1.0
1.7168853
1.0
1.0
1.0000254
1.0
1.6957277
1.0
1.0
1.0
1.0
1.6498334
1.0
1.0000017
1.0
1.6116886
1.0
1.0000025
1.0
1.0000004
1.6709898
1.0
1.0
1.0
1.0000063
1.6238543
1.0
1.0
1.0
1.6460224
1.0
1.0
1.0000018
1.612855
1.0
1.0001278
1.0
1.6458544
1.0
1.0000029
1.0
1.6933215
1.0
1.0
1.6175283
1.0
1.2243866
1.0
1.7168643
1.0
1.0
0.99999994
1.6628093
1.0
1.0
1.5728276
1.0
1.0
1.0000015
1.0
1.6348773
1.0
1.0
1.6760173
1.0
1.0
1.0
1.5985044
1.0
1.004269
1.725315
1.0
1.0
1.0
1.0
1.6652613
1.0
1.0
1.570131
1.0
1.0
1.0000005
1.6240386
1.0
1.0
1.0000018
1.6275411
1.0
1.0000005
1.0
1.6228116
1.0
1.0
1.0
1.5604954
1.0
1.0
1.0
1.6083155
1.0000134
1.0
1.631406
1.0
1.0
1.0
1.560116
1.0
1.0
1.0000005
1.6284177
1.0
1.0000017
1.0
1.6227973
1.0
1.0
1.0
1.5606989
