0.60998076
0.5983945
0.5824498
0.63721937
0.5814543
0.5676643
0.5792414
0.5768612
0.62847924
0.65464854
0.5998239
0.58566815
0.5571995
0.59768516
0.57032263
0.49909037
0.5857342
0.4738835
0.58975446
0.6311928
0.64375913
0.6053089
0.59447575
0.5869017
0.5878284
0.5402832
0.59089583
0.5215925
0.5595882
0.50809455
0.45281175
0.4646576
0.5522594
0.5406403
0.5556273
0.5263519
1.0011514
1.006557
1.0394963
0.8693034
0.9259056
0.8877585
0.9219
0.9868904
0.92595255
0.9026464
0.8996842
0.78007066
0.9006855
0.9797391
0.8889619
0.91544205
0.8831784
0.8337047
0.94903797
0.92949146
0.9355715
0.91058636
1.0113431
0.9985798
1.0647924
0.87067777
0.5449115
0.57652444
0.5596419
0.5327563
0.90878403
0.5331435
0.5233903
0.5275717
0.5226122
0.8823885
0.5161967
0.5510885
0.561141
0.5597674
0.8823128
0.95885307
1.1470292
1.0161281
0.9624116
0.5406896
0.5606886
0.55029243
0.54451895
0.9083446
0.51975477
0.5136342
0.5231623
0.5097461
0.890462
0.98885286
1.0148475
1.0248264
0.87909675
0.5493816
0.53995275
0.5313633
0.5289916
0.9094297
0.55631924
0.54740804
0.55930096
0.577034
0.9201236
0.9669796
1.0047845
1.0505028
0.8523624
1.0290675
1.049483
1.0648516
0.86099905
1.0199032
1.0519264
0.99512887
0.87201023
0.9515023
0.9974041
0.81466585
0.8755704
0.5979454
0.5411499
0.83297557
1.0256094
1.1578361
1.0020698
0.9601915
0.98813874
0.8792948
0.9883085
0.8583294
0.5989581
0.55998814
0.8678495
0.51565474
0.48436877
0.5538163
0.5019244
0.91164315
0.55272263
0.5830829
0.8239377
1.0353272
1.0382369
1.0254091
0.865245
0.8364763
0.6146213
1.0014327
0.44924793
0.47202155
0.4813598
0.5483318
0.90911955
0.5394437
0.5160396
0.81578755
1.0658437
0.9600141
1.0609181
0.8886476
0.974371
1.0207311
1.0268158
0.85418
0.94901156
1.0566905
1.0079788
0.8767016
1.0218097
1.0106139
1.054908
0.87097013
0.9863636
0.9969325
1.0523354
0.85044
0.53906363
0.5980497
0.85422266
1.0028552
1.0030199
1.0574766
0.8715193
0.9502377
1.0151604
1.017436
0.870867
1.0169215
1.043123
0.9903073
0.8541211
1.0029628
1.0094048
1.0473454
0.87085575
