0.9532964
0.9829015
0.9744397
0.76461524
0.94555664
0.8953464
0.92388636
0.9244629
0.9587807
0.77125114
0.8532051
0.9425216
0.9235854
0.97265905
0.90679586
0.7666978
0.91800314
0.7305186
0.92801726
0.959905
0.74491686
0.9019186
0.9303974
0.92729586
0.8893286
0.8934377
0.94256544
0.8474077
0.75931484
0.84356284
0.8218416
0.73179716
0.7883625
0.7815966
0.815826
0.9094056
1.0978916
1.1038371
1.1828804
1.1563933
1.0479863
1.0316797
1.097075
1.1985638
1.0983707
1.1111351
1.0300219
0.97850734
1.0765436
1.1638534
1.0532745
1.085424
1.0308541
1.0169033
1.1176792
1.0765772
1.0828737
1.1184914
1.0738127
1.0730281
1.2340264
1.0821353
0.9078711
0.89364195
0.83426195
0.8339762
1.0614778
0.9065622
0.9349873
0.9127926
0.7775877
1.1104615
0.893539
0.955551
0.89760983
0.9421172
1.069408
1.0511866
1.2816786
1.121118
1.074951
0.9026329
0.9616952
0.8049799
0.95577484
1.1325272
0.92086667
0.8688379
0.7847336
0.86567026
1.109613
1.0855207
1.206433
1.1661661
1.1046311
0.96085125
0.8344714
0.8377581
0.7679358
1.1128439
0.94920075
0.89314115
0.85561126
0.85857683
1.118253
1.062654
1.1485624
1.2117671
1.0424373
1.1046766
1.0919465
1.2253355
1.094674
1.0496795
1.2280816
1.0368646
1.0238339
1.0388203
1.0526127
0.9880555
1.0463958
0.96614754
0.8941296
1.0343313
1.0461054
1.2685307
1.0716205
1.0680195
1.0565034
1.0463047
1.0924344
1.0375232
0.9628316
0.90924144
1.1400648
0.8625173
0.7454443
0.8029925
0.9206975
1.1146021
0.8714174
0.99019116
0.9860081
1.047756
1.1337742
1.1133873
1.0482577
1.0387926
0.8920734
1.2248882
0.7712856
0.78633803
0.6909174
0.7704431
1.0941448
0.9689752
0.9751668
1.1051008
1.08196
1.087409
1.1809098
1.0790513
1.1316714
1.1873105
1.1776013
1.0338562
1.0533607
1.2090096
1.1014338
1.0790875
1.0650078
1.150843
1.1697761
1.092941
1.0796698
1.1415588
1.2239063
1.0431471
0.77262414
1.0206512
1.1611502
1.0779934
1.1352808
1.1625187
1.0932769
1.0719717
1.2126536
1.1955352
1.067284
1.1451389
1.1798675
1.0946534
1.0433576
1.0524085
1.1284913
1.1591542
1.0948617
