0.7365859
0.741326
0.94083256
0.96086025
0.9528028
0.9178239
0.91816485
0.8554074
0.74292123
0.992939
0.97377187
0.89639324
0.94979393
0.9147403
0.85319364
0.89860374
0.82690823
0.81745094
0.8205086
0.7705686
0.95663154
0.9844374
0.8509175
0.9102041
0.84972405
0.8889777
0.62959176
0.96237326
0.9390825
0.86420727
0.8630086
0.8680423
0.96739
0.9112262
0.9369092
0.97095746
0.80069214
0.7851593
0.8540532
1.1846216
0.8150139
0.7890292
0.8712697
0.9138835
0.8570811
1.1488507
0.7873465
0.8204567
0.88638324
0.93990254
0.83707446
1.142399
0.75322884
0.8347158
0.8712967
0.8719368
0.9312367
1.1370258
0.79297936
0.80240893
0.90128386
1.0979962
0.7553668
0.93720067
0.92800504
0.84517664
1.0866618
0.79208547
0.77665114
0.93440557
0.8499824
1.1045222
0.76093984
0.87031955
0.9166451
0.9036147
1.1026124
0.75835705
0.9559419
0.8510027
1.0866115
0.8086776
0.73663896
0.92863554
0.7850546
1.1148559
0.7845762
0.95524824
0.8500237
0.8614829
1.0999856
0.801817
0.9420581
0.85853904
1.1091229
0.7716097
0.9312722
0.86528265
0.90549076
1.1146746
0.7432128
0.8921669
0.8363478
0.9222395
1.101408
0.7931659
0.95788324
0.8599405
1.0806053
0.81464
0.74779385
0.9484397
1.1073735
0.77769387
0.9612357
0.83389467
1.0798982
0.80967414
0.89993113
0.7991557
1.1037893
0.76081413
0.9217844
1.0845256
0.763193
0.9618104
0.8618116
1.0820336
0.78159076
0.90664196
0.910835
1.1047325
0.7866851
0.8619614
1.1258132
0.88665926
0.88415956
0.93870777
0.8974959
1.0849334
0.7883387
0.95355475
1.0653557
0.7665599
0.95742166
0.866554
1.0962265
0.7760712
0.9526451
1.0577272
0.8782757
0.8106639
0.8515629
0.8899985
1.1354616
0.74108255
0.8866943
1.0863315
0.80592614
0.88899326
0.9061641
1.0900887
0.9346527
0.8953179
0.92943186
1.0916115
0.76981467
0.9089252
0.9176369
1.077474
0.7876363
0.8740619
0.84899145
1.1475753
0.80058616
0.92196304
0.8645311
1.0939633
0.9222573
0.9115656
1.0720485
0.75849617
0.8860753
0.8859403
1.1522144
0.84063613
0.88694394
0.9081874
1.0893131
0.89768165
0.942711
0.9007053
1.0879489
0.7938925
0.8722703
0.85828453
1.1580894
