0.68562603
0.62488574
0.8212886
0.8062281
0.77734584
0.7897944
0.78474426
0.8095513
0.6331875
0.7552349
0.8071621
0.7893307
0.7004095
0.7610352
0.6441379
0.686585
0.7458699
0.68548733
0.67790097
0.65059745
0.8115684
0.8154779
0.6648821
0.7278548
0.80468005
0.7420774
0.5475549
0.7766836
0.73664296
0.6823517
0.6758216
0.71541184
0.7942241
0.6804332
0.7312546
0.7802349
0.661065
0.6183526
0.7043032
1.0947793
0.6473329
0.6574241
0.6958393
0.69298905
0.68113375
1.0983163
0.6457034
0.6395565
0.7043018
0.7068946
0.67697036
1.0765705
0.6080201
0.6758959
0.6880244
0.6957546
0.73086464
1.0847595
0.6587487
0.63082576
0.75582606
1.0450343
0.58341753
0.74136084
0.7049267
0.670318
1.017873
0.6550311
0.6173885
0.7398129
0.6996156
1.0503237
0.6087499
0.6901368
0.721709
0.68968236
1.0505109
0.6426485
0.7506162
0.6850357
1.0298225
0.6543998
0.6394131
0.7159676
0.62975204
1.0329067
0.63263726
0.7559912
0.6874803
0.71520036
1.0407927
0.6483696
0.7510275
0.70260066
1.0539095
0.5949243
0.72836554
0.654373
0.71731925
1.0434062
0.63101053
0.7279373
0.6854159
0.74981606
1.0634447
0.64911914
0.7524658
0.73503476
1.024027
0.6565387
0.62143725
0.7391676
1.0493817
0.63321733
0.7720545
0.7321125
1.0080936
0.6849837
0.7233266
0.6337643
1.0244603
0.6486859
0.7465534
1.0250503
0.6623032
0.765438
0.71721387
1.0284847
0.65936947
0.72295535
0.735688
1.0372372
0.6703799
0.74486846
1.0444971
0.6996382
0.71282345
0.7169333
0.7053659
1.0356226
0.70324516
0.7823884
1.0018286
0.6437341
0.75044537
0.69013834
1.0506471
0.70200616
0.78098166
0.9881678
0.6791529
0.6578655
0.66637534
0.6924666
1.070516
0.6470959
0.738318
1.0251485
0.6724218
0.7032332
0.7504422
1.051006
0.72532856
0.7249431
0.7368182
1.0268811
0.65068734
0.756733
0.74046147
1.0262933
0.6390122
0.7218802
0.70731664
1.0849179
0.6642018
0.7355691
0.7381051
1.0432333
0.7652897
0.73294926
1.0082371
0.6366754
0.72856814
0.7005918
1.0874556
0.6484398
0.7335822
0.7467251
1.0375781
0.72188765
0.7350024
0.70004904
1.035187
0.6530197
0.70076984
0.7013694
1.086277
