0.77152324
0.8284876
0.94354117
0.9518207
0.9300697
0.91814315
0.93037426
0.83539075
0.7988039
0.9377874
0.93962944
0.92910135
0.93845856
0.8762472
0.90038383
0.88098556
0.80430895
0.7895017
0.74294955
0.8194816
0.9306604
0.95806944
0.94245005
0.9211504
0.8728357
0.8893659
0.7258383
0.93389535
0.9031327
0.8677509
0.89351684
0.8211021
0.9475192
0.8781265
0.9336669
0.9355309
0.84071857
0.8974846
0.9028317
1.0738758
0.81852
0.79549444
0.8548592
0.91431075
0.8566578
1.0698202
0.79857594
0.7800492
0.91972625
0.9161756
0.92039496
1.0741435
0.75096506
0.8366372
0.90217805
0.84146035
0.9697566
1.0611358
0.90367025
0.9820022
0.9674088
1.0407726
0.84140015
0.9675347
0.9267104
0.90223646
1.0141797
0.9043314
1.0399566
0.94013846
0.8962656
1.0392272
0.8656809
0.9120479
0.9168703
0.95575285
1.0601803
0.8288939
0.9674107
0.86809725
1.0382707
0.95421946
0.91153264
0.9571523
0.7949292
1.061593
0.93236643
0.9674774
0.8563614
0.94514585
1.0336328
0.96292186
0.949398
0.9619067
1.0414624
0.8170819
0.90713996
0.87675875
0.9127633
1.0494612
0.8084267
0.9471422
0.88376856
0.9495605
1.0522126
0.88414603
0.98533845
0.9304974
1.0389001
0.93113595
1.0099407
0.97022456
1.0578911
0.9587127
1.0006855
0.92366135
1.0151995
1.0532598
0.9499692
0.7937595
1.0609796
0.9391567
0.9523037
1.0238305
0.9448868
0.9686873
0.95316225
1.0445884
0.89644516
0.87543386
0.900607
1.0686005
1.0187395
1.002655
1.0496053
0.917907
0.86018634
0.97029114
0.90231234
1.0442886
1.0016152
0.9948303
1.0377537
0.88226634
0.9477676
0.9504202
1.0302336
0.9256369
0.9912332
1.0398456
0.83211356
0.8910108
0.831761
0.8843367
1.0899096
1.0295036
0.9316379
1.042882
1.0066963
0.9192592
0.9747544
1.0481544
0.9355965
0.97942775
0.9255842
1.0373738
0.8539493
0.95709115
0.9799867
1.038202
0.8499865
0.9182462
0.87313443
1.0602472
0.8379421
0.9631321
0.9091372
1.0325937
0.9544937
0.9331831
1.0418589
0.790233
0.92991835
0.9214393
1.052138
0.9729276
0.9616771
0.99758524
1.0536578
0.9157242
0.92546344
0.92959744
1.0416574
0.79680574
0.8776332
0.9082743
1.0543755
