0.97801125
1.0418537
0.96075445
0.98622084
0.97331035
0.9297139
0.94114965
0.96536833
0.98524797
0.9800813
0.9375548
1.023011
0.9452457
0.86038494
0.94261616
0.8794052
1.0955665
0.8694978
0.9778693
0.9615245
0.9917734
0.9940308
0.89644516
0.98916554
0.88837737
0.8629527
1.0191501
1.061752
0.9869788
0.8715411
0.8540779
0.9404725
0.95035475
0.8319001
0.8882269
0.97549295
1.0059471
0.8859033
0.88352954
0.9981508
1.0164278
0.95349234
0.94208187
0.84648484
0.76408523
1.0000563
0.98588234
0.7956912
0.7097191
0.90968674
1.0385101
1.0007358
0.9407514
0.7466374
0.8449186
0.8202496
1.0041659
1.0102897
1.0026381
1.098722
0.909416
0.9965184
0.97490144
1.0005968
0.97854865
0.8851636
0.9992393
1.0178621
1.0722713
0.9371391
1.0112497
0.9940077
1.0005994
0.94517154
0.96450365
0.97052777
1.0075257
1.0088655
0.9931158
0.9157827
1.0017962
0.98882717
1.0529206
0.8344165
0.76731825
0.9976339
0.9758354
0.9803871
0.97361207
1.0323427
1.0028398
0.9896594
1.0200244
1.1126101
0.99635285
0.97024155
0.96709836
0.9198616
0.92992854
1.0021529
0.9328777
1.0583066
0.93272877
0.9211637
1.0020573
0.9846572
1.0066701
0.9191836
1.0087423
1.0046806
1.0083579
1.0229647
0.9981108
1.0086389
1.0117522
0.9186891
1.0016212
1.0028735
0.87162817
0.96626365
1.007509
1.0402128
0.9496173
1.0011702
1.0153948
1.0011888
1.1166499
0.9997661
1.0416688
0.9474216
0.87726825
0.9942873
1.0240583
1.066898
1.0063868
0.90079075
0.91957265
0.9861491
0.9601777
0.99899656
1.0163224
0.9806624
0.9961846
1.0152581
0.9592297
0.9553468
1.0015117
1.0112373
0.98924726
0.9991097
0.71076024
0.9203651
0.7804233
0.8361933
0.9951034
1.0428379
1.0169251
1.008944
1.0365452
1.0952348
0.98173815
0.99837995
1.0086524
1.0662389
0.96368057
0.9970883
0.97968304
0.9450925
1.0434548
1.0116355
0.94674885
0.85627455
0.81215024
0.9969273
1.0288464
0.9781544
0.91035753
1.0005146
0.98294616
1.089284
0.99880916
0.9502767
0.9921681
0.7786404
1.007226
0.9884662
1.0395278
1.0104278
1.0090659
0.9718204
0.9607636
1.0261092
0.99985415
0.92961943
0.9657901
0.9033
0.99144036
