0.6616408
0.6046269
0.8488802
0.83473086
0.8196562
0.79590553
0.813638
0.7901478
0.6366255
0.80004454
0.8249044
0.8155293
0.76960707
0.7795948
0.6705645
0.7357092
0.7784869
0.72473526
0.70987463
0.66213787
0.8383349
0.8177266
0.6822074
0.7641569
0.79626846
0.7817158
0.52329445
0.83423585
0.76178765
0.70374316
0.73047614
0.7316795
0.8344455
0.71395576
0.76365674
0.79790634
0.65671784
0.63974756
0.7088706
1.0819641
0.6826185
0.6169623
0.72159433
0.764051
0.71037006
1.0873858
0.6549824
0.6722744
0.7444943
0.7449147
0.71211815
1.074596
0.6313622
0.7075913
0.73432136
0.71494466
0.7637287
1.0685083
0.66732985
0.62823075
0.7609533
1.0331554
0.6462384
0.7648758
0.78922206
0.70287234
1.0205878
0.66008264
0.66933775
0.74851286
0.72361726
1.0432608
0.6187258
0.7150279
0.7373289
0.7408367
1.0382663
0.623676
0.8022109
0.71260524
1.0282308
0.6468485
0.6115452
0.74266493
0.6518186
1.0389396
0.6313617
0.79967535
0.6803752
0.7342701
1.0436922
0.66335124
0.7851171
0.711568
1.0663623
0.6448488
0.7709645
0.69807553
0.7649142
1.0244778
0.6204695
0.7226411
0.6879549
0.7688984
1.0577779
0.6782745
0.7701651
0.73098826
1.0163043
0.6441875
0.6275616
0.783632
1.0598094
0.6400225
0.79468906
0.70214695
1.023903
0.6782884
0.7604635
0.65366036
1.0149294
0.66448116
0.77221453
1.0239847
0.68102115
0.81078446
0.7495446
1.0284139
0.6602546
0.75405616
0.76906496
1.0439199
0.66647357
0.73254454
1.043478
0.7346588
0.72878003
0.75732106
0.72735757
1.0375402
0.706611
0.7967854
0.99795
0.64512897
0.76844156
0.7309733
1.0471412
0.699644
0.8315946
0.99441004
0.7045997
0.6731496
0.6809487
0.73646915
1.0722991
0.6425145
0.7465292
1.0079566
0.68824804
0.7405852
0.7870545
1.0352614
0.77371216
0.74812096
0.76502955
1.0298826
0.6555466
0.75672233
0.74644464
1.0185075
0.62703395
0.72363985
0.6920028
1.0682945
0.66700953
0.7576694
0.7370488
1.0410134
0.7733082
0.7667052
1.0032777
0.6267975
0.73219097
0.7324417
1.0726893
0.6570888
0.76651275
0.7705699
1.01361
0.7566903
0.7647589
0.7234084
1.0406164
0.63893205
0.7092001
0.6872141
1.0747546
