0.6899483
0.6386239
0.8287792
0.8115537
0.79820025
0.78085905
0.82316947
0.75387126
0.67507946
0.7652392
0.8113767
0.82640094
0.75098526
0.7886229
0.66740865
0.72367424
0.76987845
0.71221066
0.7019312
0.6857043
0.8264772
0.81804687
0.67017823
0.7424303
0.80866796
0.7740439
0.54166526
0.82407516
0.7474791
0.6877587
0.735054
0.74059635
0.8277376
0.68854505
0.75495595
0.7912826
0.6947509
0.61231726
0.7152039
1.1037717
0.6398672
0.6208694
0.72360265
0.7465792
0.694209
1.111586
0.6177624
0.64597833
0.71270084
0.74465895
0.69491154
1.086869
0.6423547
0.70107186
0.7300361
0.7016918
0.7553583
1.1095531
0.661943
0.6621326
0.76701087
1.0481334
0.63644356
0.74112225
0.7503042
0.697579
1.0225238
0.6736978
0.6532224
0.74978685
0.708922
1.0580693
0.59250456
0.7218607
0.7340789
0.72168124
1.0562602
0.6211827
0.7851405
0.7047917
1.037165
0.66631913
0.61807525
0.73157984
0.67177904
1.0520753
0.6446032
0.7563673
0.70869017
0.73840606
1.0632685
0.7369129
0.76596653
0.67726606
1.0611616
0.64418745
0.75332254
0.70451796
0.75516105
1.0514587
0.5922137
0.72522056
0.69011897
0.779683
1.0734323
0.67346096
0.75662494
0.73243743
1.0383135
0.66704386
0.64491093
0.7523464
1.0607148
0.6240042
0.7920899
0.703312
1.0274442
0.67661315
0.7517437
0.6593283
1.0254487
0.6587592
0.75179327
1.0374069
0.6410553
0.7913765
0.7230843
1.0252953
0.63874024
0.73815495
0.75823635
1.0488156
0.6679201
0.74806464
1.0520694
0.75217646
0.7219876
0.7601338
0.7370665
1.0540457
0.66637564
0.79349655
0.9992083
0.6353407
0.7542481
0.7400908
1.0590109
0.70466876
0.80874693
0.98987013
0.72165245
0.66904306
0.67990875
0.7382691
1.0790379
0.6518913
0.7618586
1.0386417
0.6960747
0.6932125
0.76045966
1.0587381
0.7916439
0.74364924
0.76204544
1.0389742
0.6243062
0.76802963
0.74070764
1.0413864
0.6103231
0.7325005
0.70559055
1.09159
0.6573997
0.7686479
0.73526204
1.0528113
0.7954323
0.7475482
1.0115407
0.613843
0.73141354
0.70425296
1.095727
0.6580717
0.7555107
0.7670946
1.0430076
0.74760973
0.7751376
0.73659575
1.0459898
0.6216558
0.7326439
0.71438396
1.0890566
