0.69356406
0.68103606
0.8988437
0.89993024
0.878297
0.85411817
0.86746836
0.8019099
0.6649137
0.89777845
0.89586425
0.8444642
0.86073583
0.8343746
0.71185595
0.82471067
0.81405705
0.74630046
0.7159371
0.72952956
0.9223112
0.9032571
0.7287886
0.8160556
0.80384976
0.850356
0.6137555
0.89595586
0.87169456
0.7730903
0.8112074
0.8085883
0.94065017
0.81958574
0.82680666
0.898098
0.7371665
0.6931167
0.7656321
1.1394502
0.74495417
0.71870476
0.79862225
0.8310878
0.77699476
1.1388743
0.71595985
0.73111445
0.79985607
0.8549211
0.77615154
1.1249303
0.6605666
0.7760997
0.82534945
0.79541576
0.8511707
1.1278294
0.7246777
0.69417524
0.8477409
1.0531209
0.670474
0.8531793
0.86993545
0.75474536
1.0535592
0.72137374
0.7127151
0.8557476
0.7788902
1.1013188
0.68753266
0.82018244
0.84450656
0.8356245
1.0882272
0.6595938
0.8728013
0.7747115
1.0596648
0.7175292
0.71993643
0.84084594
0.7559427
1.075698
0.7113474
0.8599828
0.7660992
0.83353114
1.0901817
0.7466292
0.8478909
0.76372474
1.0895426
0.68636876
0.85210806
0.75667155
0.8346537
1.0622071
0.68978685
0.8372642
0.7815618
0.82745814
1.0846646
0.72672325
0.8803211
0.81265473
1.0677516
0.72920316
0.67659444
0.8566208
1.0807247
0.6798751
0.8943012
0.76556206
1.0532391
0.72756284
0.8259499
0.7414158
1.0686849
0.6703108
0.8308279
1.066641
0.7259642
0.88430136
0.7909116
1.0624218
0.6930089
0.81544185
0.8323968
1.0845981
0.71222174
0.8116154
1.1060994
0.8309319
0.8093843
0.82730335
0.83425105
1.0685737
0.75881577
0.8515948
1.0530853
0.70036864
0.84131426
0.81231064
1.0985197
0.6841683
0.876106
1.0311793
0.8100981
0.7575362
0.76837087
0.83093333
1.1098268
0.7017179
0.81420183
1.0682214
0.7575446
0.789123
0.84271747
1.0729265
0.82803816
0.82685417
0.8320475
1.078546
0.72795177
0.8261264
0.8445934
1.0603366
0.6651967
0.80212545
0.75944066
1.1397269
0.73556185
0.83922225
0.8080267
1.0842218
0.87241924
0.83362
1.0501323
0.69990927
0.81117105
0.7815177
1.1350541
0.7499659
0.8407248
0.8329011
1.0575079
0.82670313
0.8450821
0.8157251
1.0812947
0.70307136
0.8031535
0.7741278
1.1336569
