0.69649017
0.6718275
0.8494202
0.85245115
0.8301102
0.8196572
0.83718324
0.8058219
0.65974754
0.83192784
0.853996
0.81973606
0.8094787
0.85037076
0.7059437
0.7580842
0.79881775
0.7468122
0.71874326
0.69275457
0.8718211
0.8563104
0.6880017
0.7911951
0.8355254
0.8183278
0.5523864
0.8615693
0.805769
0.735089
0.7955935
0.7775763
0.87648606
0.75305575
0.79425097
0.8746735
0.6861436
0.6490319
0.7428504
1.1082993
0.6871105
0.6827499
0.73923343
0.7767335
0.73093367
1.1219095
0.6684093
0.68647647
0.7442881
0.77769035
0.7246598
1.1045561
0.62379843
0.7119288
0.74846053
0.7035312
0.77568847
1.1246909
0.6812843
0.64269125
0.801533
1.0520046
0.65256333
0.80533046
0.79195774
0.7511612
1.0365839
0.6815447
0.6698174
0.7893753
0.7365349
1.0666378
0.638605
0.753731
0.76460207
0.7751826
1.0652939
0.6543158
0.8290213
0.74112517
1.037995
0.6847496
0.6694212
0.7886466
0.668064
1.0636699
0.6622194
0.8065173
0.71485
0.776182
1.0779911
0.68096936
0.7956718
0.74931514
1.0684009
0.65468687
0.7878247
0.72910213
0.78226143
1.0598571
0.6282999
0.7697099
0.7402195
0.80085325
1.082455
0.6621747
0.79697305
0.76843417
1.0419197
0.6908055
0.6537854
0.8085316
1.0596012
0.6837809
0.82474643
0.70762986
1.0326134
0.6936038
0.77597976
0.6779591
1.049009
0.6776399
0.7996308
1.0492959
0.68967766
0.83065146
0.7522726
1.0366578
0.65408957
0.76543283
0.78546274
1.0521692
0.6855313
0.77445275
1.0678583
0.7676886
0.7484721
0.7950302
0.7888232
1.0675491
0.69548947
0.81319124
1.0228467
0.6400252
0.7857568
0.7433103
1.0832404
0.70893276
0.8168905
1.0087897
0.72672397
0.71191394
0.7019006
0.74857956
1.0948333
0.6871741
0.77422506
1.0515099
0.69954664
0.72615725
0.80975246
1.0748334
0.80642927
0.77491647
0.7784623
1.0601645
0.66695696
0.79578114
0.77562225
1.05098
0.67497283
0.767811
0.71602744
1.1124672
0.6601363
0.7757311
0.76332974
1.0641887
0.7982216
0.7977176
1.0332017
0.6358016
0.7814243
0.7281535
1.1070584
0.68379587
0.7873206
0.8031869
1.0497437
0.78233224
0.78053963
0.7572158
1.0635451
0.65835005
0.7525376
0.72938794
1.1114312
