0.68578917
0.59825027
0.80870044
0.8017804
0.762712
0.7340359
0.75370985
0.771193
0.6062111
0.73409694
0.77957594
0.74383795
0.68415487
0.74916023
0.5993774
0.6362133
0.72172034
0.6531638
0.6345516
0.63864535
0.77294934
0.76550806
0.65519655
0.7227371
0.77629596
0.7364408
0.49097273
0.7534951
0.7153968
0.6315363
0.6689176
0.7078304
0.76381373
0.6469486
0.69561654
0.75448406
0.6556756
0.6363219
0.7181892
1.0951576
0.6182123
0.65504396
0.70238566
0.72582746
0.68069375
1.0992491
0.6422052
0.6306936
0.6838393
0.70666605
0.6810658
1.0713229
0.6187148
0.6876164
0.6898656
0.6633499
0.72979075
1.0827142
0.680494
0.612343
0.74684256
1.0345875
0.659994
0.75075376
0.7238095
0.6619978
1.0105293
0.64762366
0.6261277
0.7311433
0.69587225
1.0602518
0.6119544
0.7026716
0.7271612
0.7114687
1.0256649
0.6412953
0.77515066
0.68204755
1.0356991
0.6830786
0.6592266
0.7133262
0.6293731
1.0383731
0.65387464
0.7401694
0.7033962
0.72947997
1.0539672
0.6770225
0.749231
0.6935772
1.0513805
0.605126
0.72990865
0.6613848
0.7039139
1.0256232
0.5968311
0.7101502
0.70652276
0.74658954
1.059645
0.619159
0.7420131
0.7188484
1.0298368
0.66127026
0.6413787
0.7400479
1.0440423
0.63268536
0.78163433
0.6822639
1.0221205
0.67069685
0.7260537
0.63606656
1.0289783
0.6601789
0.7376671
1.0295087
0.6739303
0.7630795
0.68793184
1.0329301
0.652906
0.69309413
0.7146997
1.0260277
0.6676497
0.7281434
1.057698
0.6951402
0.71987087
0.71816
0.72784185
1.0235683
0.67689157
0.761122
1.0071982
0.6469572
0.73206455
0.7186387
1.0493108
0.6991682
0.78741807
0.99081355
0.6335034
0.6733161
0.66161436
0.6941124
1.0574138
0.6840229
0.7464312
1.0300392
0.68648845
0.7045842
0.7344992
1.0466578
0.74465287
0.708316
0.7265215
1.019601
0.6534522
0.737172
0.73269093
1.0247881
0.6380851
0.7191178
0.67888397
1.0957887
0.64011747
0.72001195
0.7224839
1.0463532
0.7591144
0.756273
1.0013548
0.63211304
0.7234554
0.70974064
1.0893242
0.65284854
0.72223336
0.756684
1.0246316
0.71460813
0.72522444
0.7078837
1.0294551
0.6141249
0.7104647
0.70298994
1.0920722
