0.66524214
0.6189931
0.77766305
0.7582812
0.7308286
0.72791576
0.71219057
0.7415278
0.648452
0.67697924
0.74111944
0.68874323
0.6452998
0.7118753
0.57222277
0.6107206
0.69555867
0.64433455
0.6537479
0.62791777
0.75545
0.74802583
0.6297048
0.66555107
0.7380407
0.6932596
0.5030303
0.7227715
0.68154514
0.6058828
0.6254609
0.66237646
0.7422096
0.60083485
0.6462957
0.7193644
0.6274728
0.64113
0.6890135
1.095749
0.5983545
0.5982338
0.68806916
0.6993511
0.6439356
1.0946535
0.61892146
0.5710435
0.6623788
0.6845301
0.6993429
1.063615
0.57709044
0.66137594
0.68791145
0.6661669
0.71154
1.0786277
0.63364005
0.6237003
0.73599243
1.0481875
0.58933836
0.7083617
0.66147876
0.6385501
1.0051014
0.65362036
0.59481955
0.71854544
0.66915435
1.050835
0.6139947
0.67542374
0.7047437
0.70199513
1.0360914
0.5952928
0.75469124
0.67721397
1.0205065
0.6264783
0.6059101
0.69586015
0.62204003
1.0259035
0.63199085
0.71029425
0.64645195
0.6920922
1.0456744
0.64161885
0.7335579
0.6804285
1.0500239
0.60884535
0.7174616
0.6609288
0.67519104
1.0323462
0.6384714
0.7059385
0.689469
0.73098034
1.0573941
0.62839013
0.7237272
0.6939295
1.0215462
0.64995223
0.62553984
0.7225547
1.0467979
0.63772774
0.75229627
0.68650144
1.0170314
0.64253414
0.72426534
0.63557386
1.0099406
0.6523411
0.7432057
1.0297204
0.6561226
0.7444244
0.69497377
1.0113118
0.6117091
0.6895244
0.7207584
1.0387584
0.6830999
0.7411232
1.0492257
0.68699944
0.6851898
0.6974164
0.7100915
1.0248162
0.66727376
0.77102745
0.99834794
0.6227803
0.7291519
0.69589585
1.0497006
0.6722564
0.7737966
0.99228776
0.65197897
0.6324082
0.6438678
0.6922873
1.0478629
0.6681926
0.74579865
1.0323017
0.68165386
0.69306934
0.7266824
1.0445569
0.72891146
0.7068255
0.7274339
1.0177886
0.6555121
0.7389926
0.72342855
1.032643
0.6113174
0.6947647
0.6812059
1.0776559
0.63086766
0.71840614
0.7081656
1.043251
0.74889755
0.7282868
0.9989596
0.6323099
0.6977221
0.6831323
1.0878078
0.653856
0.7267388
0.7343802
1.0260727
0.7229381
0.7274185
0.7095419
1.0202649
0.61840934
0.71002334
0.68870026
1.0811045
