0.681521
0.6376182
0.8356382
0.8387499
0.8182208
0.80461943
0.83165026
0.78905815
0.63239497
0.817178
0.83608675
0.8435699
0.7586199
0.80040586
0.67391413
0.75282896
0.7917136
0.733328
0.6629318
0.6736587
0.861023
0.84736085
0.66731244
0.7585928
0.774852
0.79044753
0.54079634
0.83316827
0.807331
0.70855933
0.7433383
0.75507444
0.8770019
0.7319179
0.7691215
0.85145104
0.6791851
0.6445986
0.7304162
1.0930064
0.7225211
0.6438155
0.76866335
0.78488696
0.7250454
1.1051341
0.6415883
0.66911656
0.7573452
0.7723134
0.7221598
1.0873563
0.65447354
0.7315315
0.77103376
0.7479076
0.8169705
1.0898383
0.7071882
0.669721
0.7949881
1.0230976
0.63516116
0.8033984
0.7717002
0.712828
1.0123369
0.68728083
0.6888336
0.79956675
0.75172746
1.0508078
0.632069
0.74373835
0.7832423
0.7888005
1.0492803
0.6521959
0.83218735
0.7406285
1.026268
0.703958
0.66037714
0.7813691
0.67144
1.0362474
0.6451851
0.79543316
0.73555756
0.77739304
1.044767
0.69072324
0.8083823
0.74977636
1.0439416
0.6428279
0.791297
0.7103846
0.7745845
1.0319163
0.6668931
0.7693275
0.7417548
0.8030421
1.0515716
0.6756258
0.81444526
0.7462934
1.022066
0.71088797
0.63538045
0.7908061
1.0455899
0.6488257
0.82660323
0.7330833
1.0066985
0.6920774
0.799664
0.6880631
1.0219163
0.66659516
0.8068794
1.0328883
0.68207514
0.83846694
0.74625295
1.0219009
0.67498183
0.766647
0.81182575
1.0479891
0.68366665
0.76155984
1.0619395
0.7836104
0.7480626
0.8061183
0.7673972
1.0299028
0.72153133
0.83413094
0.9953075
0.6440661
0.8144959
0.7591898
1.0628875
0.6766532
0.8577953
0.98020077
0.74184304
0.72915816
0.7200326
0.7717634
1.0701207
0.672849
0.8028246
1.0294383
0.7081007
0.7172587
0.7951165
1.0410334
0.79419357
0.763498
0.78807616
1.0325633
0.65532035
0.7942804
0.7882667
1.0153571
0.666285
0.77785736
0.7372448
1.0880444
0.6619816
0.78506655
0.7657338
1.0566996
0.80166566
0.8123776
1.0111967
0.661245
0.75773835
0.7645757
1.086915
0.6774614
0.77277124
0.8028266
1.0195061
0.8036878
0.809416
0.7692231
1.0379891
0.66662526
0.7533262
0.72422665
1.091849
