0.70755655
0.7290698
0.93346775
0.9514753
0.9346614
0.90404004
0.89950234
0.83830833
0.70991105
0.9445686
0.9427214
0.8966527
0.940696
0.89692193
0.90465236
0.88693655
0.81464684
0.8597998
0.7694121
0.7793764
0.9201124
0.974105
0.94118017
0.8935086
0.8609644
0.8802869
0.6367748
0.9604919
0.92431873
0.86331886
0.88129705
0.848846
0.93476427
0.88968927
0.9141043
0.9366936
0.8504842
0.8373977
0.8549446
1.114448
0.81388813
0.80884683
0.87111264
0.9166732
0.81504905
1.0952232
0.73618203
0.8247836
0.9123219
0.9463202
0.8524095
1.0966941
0.754402
0.83763623
0.91092575
0.8577026
0.9521207
1.0871559
0.84421706
0.8672484
0.93334514
1.0525674
0.7724224
0.94883573
0.93403524
0.8466912
1.045714
0.8931488
0.8314251
0.9320269
0.86651087
1.0678811
0.75418746
0.8778334
0.91373134
0.89893186
1.0738468
0.76541024
0.9560397
0.86106455
1.0697901
0.8045945
0.82081115
0.94895774
0.77704465
1.0752683
0.8382071
0.94374603
0.8342897
0.9060052
1.0563935
0.91358876
0.94682324
0.8809193
1.069012
0.7795903
0.89770097
0.82921654
0.9349858
1.0819582
0.7676
0.90647274
0.86998373
0.96511966
1.064771
0.8222352
0.96326065
0.89147985
1.0531849
0.8156672
0.8119839
0.9715067
1.0720402
0.85218006
0.9731177
0.8669908
1.0543714
0.8769163
0.9438971
0.7867028
1.0728505
0.8890934
0.9479132
1.048753
0.8091371
0.9727486
0.87484276
1.065551
0.83523905
0.8923363
0.919678
1.079047
0.87145823
0.901038
1.0855565
0.91023153
0.8623746
0.94135624
0.9157044
1.0690755
0.8615666
0.96235216
1.0352446
0.79871553
0.9334417
0.8941789
1.0605222
0.8831281
0.97679454
1.0461704
0.8870165
0.818006
0.8499476
0.9243769
1.0985179
0.8895601
0.9060217
1.0306097
0.8800599
0.87187797
0.92659575
1.0664502
0.92759717
0.91527236
0.9234218
1.0612258
0.78003776
0.9233799
0.94123054
1.050237
0.8215993
0.87022924
0.8885783
1.0945967
0.8380046
0.930394
0.9090139
1.0683639
0.94919944
0.92496705
1.043312
0.7798972
0.9035001
0.855795
1.0903699
0.8248379
0.9070966
0.951964
1.0566473
0.9034001
0.95390874
0.9280798
1.0546265
0.78253496
0.8886208
0.85044706
1.0901933
