0.6828922
0.60605925
0.80941194
0.7726518
0.75090027
0.7533408
0.76415545
0.78294814
0.58122486
0.7289616
0.7966505
0.7765423
0.6722188
0.7479252
0.62412506
0.676573
0.7318571
0.6845438
0.69574934
0.63308924
0.7840181
0.7733239
0.64687115
0.71586084
0.766597
0.6975037
0.49431902
0.7941839
0.7294122
0.6580381
0.66291237
0.7081561
0.7754747
0.6534116
0.7054141
0.7636057
0.6349146
0.63171846
0.719265
1.080669
0.6235793
0.6054321
0.7235492
0.7199801
0.65099156
1.0901645
0.6035374
0.6495477
0.68067306
0.70276
0.6405871
1.0828878
0.59035254
0.65944976
0.7036691
0.7097735
0.73017555
1.0846295
0.6575381
0.65359
0.73295915
1.0359039
0.632501
0.7333124
0.72451276
0.6799094
1.01056
0.6502085
0.6037776
0.746473
0.68404603
1.040601
0.5885992
0.6902105
0.7218661
0.7145819
1.0318618
0.627034
0.766119
0.6849073
1.0194688
0.6278966
0.6070739
0.7049905
0.596169
1.0343741
0.62066776
0.73477113
0.68375236
0.70721495
1.0378009
0.63800764
0.7444113
0.6955209
1.044611
0.6089353
0.74244034
0.68010384
0.7059838
1.0379639
0.56930166
0.7302895
0.6645948
0.74280834
1.0619695
0.6570252
0.7260221
0.70349437
1.0225186
0.6420361
0.6091937
0.7385314
1.0384629
0.61933446
0.7514001
0.6835374
1.0165116
0.6559659
0.7247492
0.6507585
1.0176932
0.63431215
0.7356485
1.0232605
0.64238614
0.75689733
0.7079305
1.0135909
0.61046404
0.6851027
0.7261834
1.0350865
0.6564006
0.7173132
1.055613
0.6999025
0.6792807
0.72271514
0.6965375
1.0307088
0.6772329
0.7647457
0.9897508
0.64290863
0.7237821
0.69013053
1.0605346
0.6998124
0.7849081
0.978172
0.6791306
0.6637924
0.6524469
0.7065333
1.0643146
0.6737134
0.7435306
1.0137883
0.6841583
0.70836896
0.7376529
1.0480494
0.7340871
0.72908616
0.7165685
1.0263377
0.65450925
0.7501239
0.7261125
1.0196738
0.6158525
0.7045355
0.6962678
1.0841591
0.64005315
0.71500355
0.69116855
1.0505359
0.7438382
0.7625676
0.99783844
0.6434155
0.7176648
0.7021553
1.0861123
0.63922256
0.71021575
0.74319386
1.0319556
0.7160729
0.7375093
0.7249642
1.0307533
0.6242092
0.71610916
0.66688985
1.0840026
