0.6773649
0.6411041
0.8186338
0.8027373
0.79367954
0.74735254
0.80003214
0.77117413
0.6262625
0.7494832
0.8114119
0.79044265
0.73784596
0.7811716
0.63443244
0.6916464
0.74187243
0.69358987
0.6903945
0.6596917
0.80447996
0.7865791
0.6645141
0.73928225
0.79169863
0.7494725
0.536638
0.7802892
0.7184408
0.68929255
0.70715404
0.71791273
0.8103664
0.698924
0.7514008
0.7858551
0.6612036
0.60762894
0.67647475
1.0826105
0.63176614
0.62177616
0.69614834
0.7297313
0.65866244
1.0915422
0.60198283
0.62397844
0.6639409
0.7214323
0.6662108
1.0773672
0.5748068
0.6459161
0.7004991
0.6780835
0.74427766
1.0856596
0.60736746
0.6194488
0.7683065
1.0306916
0.60472906
0.7323531
0.74534225
0.67409325
1.0204295
0.60614234
0.5771161
0.7263926
0.70978737
1.0440927
0.63154715
0.6951119
0.70080304
0.72296613
1.0366141
0.60419136
0.7662142
0.6721386
1.0284429
0.6694721
0.6063802
0.72998786
0.63958246
1.0423098
0.63836324
0.7529505
0.6773691
0.676175
1.043214
0.6370231
0.7374364
0.6803413
1.052523
0.5983962
0.7276478
0.67335415
0.7100624
1.0354996
0.6196733
0.68763137
0.68430036
0.752971
1.0558143
0.67629474
0.7552776
0.7165652
1.0218017
0.64999586
0.6539371
0.74789464
1.0508298
0.6235853
0.7748707
0.6844659
1.0136371
0.6620773
0.7368547
0.64305496
1.0319679
0.6644197
0.75868875
1.0080156
0.6311508
0.7704914
0.7152653
1.0190774
0.62390524
0.69817215
0.7565757
1.0340583
0.678205
0.72522646
1.0388106
0.6894726
0.69786084
0.71858287
0.71908057
1.0284499
0.69143647
0.75523967
1.0052317
0.6241609
0.7405185
0.7066674
1.0431124
0.68011963
0.77308214
0.9868902
0.6916621
0.6541928
0.64170605
0.6984282
1.0588853
0.6549375
0.74406826
1.0262094
0.66084015
0.6847685
0.75790066
1.04187
0.72003156
0.7221227
0.731067
1.0227829
0.64552534
0.7699222
0.7316028
1.0226436
0.60181946
0.7017741
0.68970585
1.0767039
0.6417786
0.73420924
0.7151408
1.0342668
0.7704266
0.7512892
1.0069194
0.6157248
0.7061194
0.69148237
1.0801694
0.60351455
0.70996255
0.762178
1.0207106
0.7274267
0.74071926
0.70148236
1.0285721
0.6223215
0.7070873
0.6820438
1.0759333
