0.7640045
0.675723
0.9092519
0.9268689
0.89552605
0.8663959
0.86295444
0.824749
0.70002323
0.92336035
0.9332422
0.880264
0.880178
0.83897585
0.7428568
0.84042335
0.8133129
0.75125986
0.7661514
0.74129134
0.95517534
0.93280846
0.761604
0.8321461
0.819169
0.84802085
0.5899051
0.9156138
0.88703805
0.80568933
0.8232507
0.82276136
0.9526947
0.8222894
0.8645198
0.9173933
0.72933394
0.6921117
0.78327554
1.1473736
0.7573528
0.71383256
0.8328077
0.85287017
0.78960055
1.135905
0.70342845
0.7707015
0.8383337
0.87963545
0.79778373
1.1228949
0.7077302
0.78588456
0.8256025
0.78750104
0.86596423
1.1348733
0.73926723
0.7094774
0.85227877
1.0592133
0.728008
0.88132286
0.8827071
0.78569627
1.0656451
0.73204553
0.7347415
0.8855125
0.82371515
1.0948193
0.70195687
0.8152387
0.8730618
0.8481775
1.095554
0.69616294
0.90239537
0.75439817
1.0726018
0.7648817
0.70533377
0.8581603
0.7597137
1.09338
0.69227815
0.8752937
0.7866972
0.85365695
1.0878714
0.74632215
0.8555749
0.7626814
1.1076978
0.68496644
0.8714389
0.7781177
0.836275
1.0714751
0.7006439
0.84170306
0.79447484
0.85710835
1.0870584
0.7514827
0.8822104
0.8295258
1.0719259
0.7195456
0.67902344
0.8653813
1.1072154
0.70936316
0.9213232
0.78393817
1.0679941
0.73646516
0.8447428
0.75228834
1.0908391
0.69221
0.8544899
1.0835665
0.753131
0.90044826
0.83542174
1.0725034
0.7207107
0.83867794
0.8564584
1.0951126
0.72191614
0.81996197
1.1060971
0.8507342
0.830032
0.8711757
0.86616033
1.0684364
0.7661299
0.894086
1.0474428
0.69444734
0.8664721
0.81748563
1.1104817
0.7493827
0.91550195
1.0372949
0.8199045
0.7809554
0.79000664
0.84597516
1.1260895
0.70810866
0.84070456
1.0809072
0.7586881
0.78957814
0.8500881
1.0790372
0.8867262
0.8503613
0.8818455
1.083781
0.7152384
0.8451578
0.85864246
1.0507046
0.68812114
0.793643
0.7739814
1.1442832
0.73559713
0.87699306
0.8335509
1.0953789
0.86361176
0.8436074
1.0734098
0.68429977
0.8128043
0.80247504
1.1381507
0.7350968
0.8382769
0.8510792
1.0599729
0.84852934
0.8844681
0.8340369
1.0944762
0.6932366
0.8173028
0.7819631
1.1399099
