0.65936315
0.62023664
0.8073333
0.80763656
0.7783474
0.7894494
0.7885141
0.8026317
0.65496904
0.7840431
0.8333795
0.7871295
0.71566
0.78686726
0.6575962
0.69953316
0.7851877
0.7022337
0.6607941
0.68584496
0.8154755
0.8238334
0.66840637
0.7471082
0.7946835
0.7457563
0.54416084
0.80142176
0.753049
0.6474225
0.708917
0.73637253
0.8173649
0.69098204
0.73997307
0.78834
0.66591585
0.62831527
0.70354706
1.1037685
0.67144024
0.641942
0.69982886
0.7455995
0.68001604
1.1112164
0.6238104
0.6489365
0.70461416
0.7368761
0.6922358
1.0868336
0.630318
0.66474247
0.7206788
0.68684113
0.76071495
1.0939211
0.6714944
0.63971496
0.74835736
1.0488266
0.6403336
0.74624777
0.7355113
0.6920689
1.0311415
0.651823
0.6273721
0.7385818
0.6950511
1.052322
0.6219446
0.6994475
0.71863073
0.7363447
1.0552722
0.63033414
0.786433
0.68289435
1.0443836
0.6657185
0.6053426
0.72099626
0.64764524
1.0548538
0.5914971
0.74169517
0.71353894
0.71077377
1.0627048
0.6521362
0.76316744
0.69192183
1.0623654
0.62803304
0.7174805
0.70097554
0.72091496
1.0524483
0.5825488
0.7161554
0.688933
0.7685732
1.0751865
0.6781687
0.7511639
0.74235475
1.0202347
0.6814186
0.6257672
0.7473807
1.0551188
0.6756318
0.7834974
0.7120952
1.0394179
0.6701787
0.7536922
0.65447253
1.0358458
0.6549154
0.7456245
1.0373759
0.665133
0.7637125
0.7076934
1.0275735
0.6565611
0.71746105
0.7428867
1.0465722
0.6637568
0.7403862
1.0510553
0.7345766
0.6850199
0.7495391
0.7217488
1.0464009
0.67266953
0.7849392
0.99894106
0.64176244
0.7553818
0.6982198
1.0646054
0.68714046
0.79938245
1.0085634
0.6950975
0.66158503
0.6663344
0.70753044
1.071938
0.6702049
0.7496139
1.0395536
0.67439073
0.6956071
0.74343705
1.0568264
0.7471706
0.70198226
0.7361064
1.033727
0.6642597
0.7575146
0.7479932
1.043716
0.61700696
0.73331827
0.7018512
1.0880817
0.6384301
0.7330837
0.71527195
1.0521054
0.76802903
0.7614221
1.0130303
0.6062047
0.70551133
0.69735914
1.0976974
0.6605643
0.7503253
0.7477017
1.0475936
0.7373381
0.73971426
0.74116325
1.0518097
0.634182
0.7208193
0.69451284
1.0979097
