0.76659167
0.7178074
0.91020715
0.94002795
0.92762464
0.9090731
0.8775148
0.8537444
0.6996443
0.95369834
0.9641467
0.86309016
0.92014974
0.8850167
0.77089113
0.8725195
0.8212818
0.765787
0.76360035
0.7586686
0.9494203
0.9631011
0.7762051
0.878932
0.820393
0.87841344
0.60079736
0.91796273
0.9230021
0.8341145
0.8298697
0.83780026
0.9794036
0.87596995
0.8987815
0.95876795
0.76734483
0.7438189
0.82249886
1.1618196
0.75621
0.7391051
0.83293027
0.8679819
0.82462686
1.1431391
0.70130104
0.7802349
0.8518278
0.8730702
0.8124599
1.139624
0.7454428
0.8151128
0.8630761
0.8223133
0.91274667
1.1449541
0.777563
0.70833826
0.8748575
1.07531
0.74521834
0.8974936
0.8832313
0.82020354
1.0797881
0.7506529
0.7116733
0.89334816
0.8153702
1.1197468
0.73843604
0.824114
0.87994957
0.86689776
1.1144844
0.7211204
0.91482407
0.80189574
1.0801464
0.78986806
0.71045804
0.87793297
0.768656
1.1077737
0.733358
0.8949288
0.8081379
0.8727023
1.10752
0.7532645
0.8953968
0.80810726
1.1104316
0.7308717
0.8859049
0.8226739
0.8655154
1.0829217
0.7232907
0.8497226
0.81234664
0.87670344
1.090363
0.75418764
0.9054124
0.8541077
1.0937213
0.7808621
0.70537716
0.8889015
1.1086277
0.7199248
0.9421856
0.8014685
1.0755074
0.7699543
0.8826636
0.77891564
1.0888317
0.7227572
0.88657916
1.0955831
0.7749517
0.92461884
0.8261531
1.0866805
0.75376105
0.82828856
0.8770487
1.1099157
0.7322301
0.82348204
1.1208786
0.8751956
0.83551484
0.85942465
0.894356
1.0903417
0.76637596
0.90829355
1.065875
0.74349934
0.87734103
0.83229744
1.1200715
0.7692539
0.92162293
1.0605245
0.8485992
0.79617673
0.8139715
0.875384
1.1356463
0.71751887
0.86112726
1.0964551
0.7676272
0.81787384
0.86178195
1.0827856
0.8841449
0.86699337
0.89440215
1.1080604
0.75425965
0.8556224
0.86944604
1.0711465
0.73641753
0.83840847
0.80781466
1.14634
0.78618264
0.8950275
0.8437973
1.1084514
0.89963853
0.8581541
1.0764774
0.74313843
0.8421173
0.79456145
1.1463151
0.77673256
0.8510701
0.85368586
1.0748738
0.8670152
0.91333973
0.84987706
1.09881
0.74942976
0.8319969
0.8114834
1.147146
