0.86767733
0.9230232
0.9809865
0.9912559
0.9719996
0.9249953
0.93380654
0.8872901
0.89395285
0.9779836
0.9830206
0.92071164
0.9512479
0.9278396
0.9267008
0.86208254
0.8797011
0.7830111
0.92111313
1.0111787
0.9751819
0.9939066
0.9334576
0.9657149
0.9237632
0.8667738
0.9339673
1.0065706
0.99066556
0.9094729
0.89234257
0.7752016
0.9686058
0.9224665
0.93613845
0.92316216
0.98818624
0.93195856
1.0487362
1.1013933
0.79251313
0.8136301
0.85334903
0.97086763
0.8989883
1.0703046
0.86327606
0.7200475
0.860072
0.97457767
0.8642891
1.0662441
0.7388889
0.76273113
0.8436189
0.8769371
1.0007246
1.0646755
0.96662694
1.1263901
0.9749824
1.0558329
0.86550444
1.0079043
0.98502123
0.9945269
1.0407926
0.97216606
1.15712
0.94238234
0.9230106
1.0406862
1.0083191
0.9070709
0.93513197
1.025617
1.0590445
0.8521355
0.98498935
1.0452253
1.0159762
1.0392511
1.094458
0.9229059
0.81172186
1.0550196
0.8627742
0.9765954
1.0011388
0.9643315
1.0339673
1.0313351
0.9497103
1.0519645
1.0560777
0.8967883
0.9265276
0.95898193
0.9167323
1.0586541
0.76318055
0.98119164
0.89741826
0.99156106
1.0521079
0.969102
0.97284836
0.9858816
1.0277747
0.97937447
1.1619873
0.99742454
1.0403824
0.91179633
0.9769372
1.0093774
1.0270648
1.0187689
0.9411692
0.8338656
1.0430113
1.188647
1.031862
1.0516437
1.048928
0.96824163
1.0449501
1.0115783
1.1586051
0.907078
0.92827094
1.0677028
1.0885798
1.08047
1.0461389
0.9380897
0.9208665
0.9957976
0.938443
1.0538636
1.0408074
1.0091405
1.0218735
0.9972919
0.99157166
1.1052457
1.0477163
1.118156
1.0154551
0.9975643
0.7702771
0.9693249
0.765634
0.87897027
1.0886773
1.1223692
1.0324693
1.0136601
0.994838
1.0142608
0.98490554
1.0547365
1.0022155
1.0216331
0.93204856
1.0529413
0.9914753
0.96859777
0.99687594
1.0396855
0.8759838
0.93916637
0.91298985
1.0550021
0.9648059
1.0100566
1.0233407
1.0562272
0.97495043
1.02084
1.0129279
0.90343463
0.9434901
0.9139657
1.0591747
1.0378729
1.013823
0.9923743
1.0632116
0.9531681
0.97318
0.9736007
1.028512
0.8481522
0.8605085
0.85454667
1.0691377
