0.5920683
0.5986519
0.7831843
0.76436937
0.7592712
0.74396133
0.73931444
0.7392517
0.5627119
0.703231
0.74228805
0.721961
0.65496
0.71300435
0.5828085
0.6551366
0.69083613
0.6231921
0.5977914
0.61298746
0.77573085
0.7532149
0.6127893
0.68361706
0.7384191
0.6955068
0.51823205
0.70976025
0.6880772
0.6089755
0.6281354
0.6764432
0.73555386
0.6390186
0.67784786
0.7345674
0.60627246
0.6271043
0.6976311
1.0852016
0.61935174
0.5927181
0.68675673
0.7268711
0.66073966
1.0757222
0.6239653
0.6047697
0.6714745
0.69757116
0.6474429
1.0668541
0.5949406
0.61362493
0.6972537
0.65332603
0.70053685
1.0570704
0.6480813
0.6317129
0.7458023
1.0418899
0.60437804
0.7172725
0.6964729
0.6714536
0.9977867
0.6603858
0.6009908
0.71550846
0.64882606
1.030343
0.597249
0.67074347
0.6924104
0.68380475
1.0228049
0.6198987
0.7555385
0.68156123
1.0172377
0.6261165
0.63065666
0.690894
0.59297097
1.0155998
0.6255989
0.7218804
0.6759825
0.70310843
1.0331389
0.64491814
0.7331242
0.6836175
1.0409329
0.6309752
0.70729196
0.6594071
0.69597906
1.0311921
0.6324455
0.6822873
0.64945745
0.76110727
1.0529073
0.62835956
0.73881435
0.69227797
1.0103079
0.650125
0.64643925
0.7423359
1.0326072
0.62464887
0.7593432
0.6839208
1.0100965
0.66882896
0.6978332
0.6228821
1.0085723
0.66022664
0.7455822
1.010883
0.6447454
0.75728023
0.67637265
1.0080642
0.65686345
0.68856096
0.71184886
1.0289353
0.6676259
0.728219
1.0358231
0.69065124
0.69502085
0.6908256
0.6876852
1.0083278
0.67366534
0.7523185
0.98835105
0.6264547
0.7204414
0.6825396
1.0345535
0.68828243
0.7746094
0.9832995
0.64959794
0.64734906
0.64526016
0.6911602
1.0424849
0.64228624
0.72718567
1.0085105
0.6626535
0.69690377
0.74254024
1.0356786
0.715685
0.705343
0.70705986
1.004088
0.6418941
0.74222934
0.72846043
1.0130523
0.6140765
0.6903822
0.65419495
1.0663921
0.62414235
0.70939076
0.69173586
1.022934
0.76002353
0.7280493
0.9878513
0.6196573
0.6826244
0.6955012
1.0606743
0.62263024
0.7123358
0.7350817
1.0214092
0.69350135
0.7266423
0.70910335
1.0150491
0.6159506
0.68042225
0.6803111
1.0667475
