0.6664196
0.5959473
0.79614633
0.76424
0.7527376
0.74705404
0.77559257
0.74972814
0.6050365
0.72331715
0.75026006
0.7565783
0.6651399
0.714561
0.5914663
0.6511522
0.6985121
0.639984
0.66154546
0.6268582
0.7699644
0.7623792
0.6190548
0.6977217
0.75392073
0.7058292
0.5132394
0.7349011
0.6971371
0.60693896
0.6347074
0.6697715
0.7481053
0.64368945
0.68990123
0.7312064
0.65849143
0.6309459
0.69290817
1.0745305
0.6409604
0.6026877
0.7010617
0.7295231
0.67722124
1.0732262
0.63068944
0.5940777
0.68944997
0.70929164
0.64548683
1.0508361
0.5876133
0.6767218
0.68406355
0.67901134
0.7160965
1.0628667
0.64891785
0.61892134
0.75628245
1.030612
0.61258173
0.72018886
0.70933783
0.670924
0.9978187
0.6662139
0.62789893
0.6987204
0.6940328
1.0281041
0.6030329
0.7011402
0.7096593
0.7110682
1.0232418
0.6491709
0.7728503
0.71482795
1.0087814
0.64958256
0.63856244
0.70767915
0.6337089
1.0201832
0.6341518
0.7437504
0.68654567
0.70149934
1.0222046
0.66034
0.71511173
0.6969683
1.0406466
0.6119783
0.73183453
0.67342466
0.70445603
1.0204446
0.6161629
0.72878975
0.6846784
0.7530655
1.045648
0.6353946
0.73188764
0.7071052
1.0065331
0.64835376
0.6272354
0.7375946
1.035245
0.63489795
0.7691205
0.67067295
0.99773675
0.6403653
0.7170543
0.61460567
1.0022081
0.6620965
0.76019967
1.0069929
0.64928216
0.76004684
0.708728
1.0103799
0.6057165
0.70409644
0.70979637
1.0256029
0.66853225
0.7186593
1.04007
0.6838499
0.6698094
0.717481
0.68553543
1.0177319
0.68228245
0.75422156
0.9824935
0.6229584
0.7349645
0.6896415
1.0320907
0.6663141
0.77575284
0.9715985
0.6579318
0.64804107
0.64910746
0.68858624
1.048688
0.65419376
0.73498845
1.0201885
0.6602365
0.6667071
0.737415
1.0306084
0.7289612
0.69752663
0.73168933
1.0130441
0.6452536
0.7238514
0.74317783
1.0136584
0.64009476
0.6944594
0.7114051
1.0652307
0.6433257
0.7215094
0.72397655
1.0282916
0.7435927
0.74060285
1.0023474
0.6473593
0.7004397
0.6950048
1.0662956
0.6573484
0.71658224
0.74323964
1.0159967
0.7156789
0.7311769
0.72898597
1.0222399
0.597795
0.69316626
0.67229676
1.0662788
