0.7451516
0.6991245
0.9141009
0.9402312
0.915575
0.9021034
0.9080951
0.8528649
0.7506422
0.9665574
0.95071965
0.88586324
0.938533
0.88737255
0.7951247
0.88329
0.81455386
0.7714167
0.76927716
0.74525267
0.94898546
0.9584291
0.81142294
0.9003982
0.8265905
0.8752883
0.627333
0.93112373
0.92185545
0.8339147
0.85577804
0.8202861
0.98347265
0.885894
0.91519105
0.9693123
0.7675353
0.7614229
0.82158166
1.158848
0.7718141
0.74943954
0.8636479
0.8686417
0.82187086
1.1426724
0.75350237
0.79918355
0.8699114
0.89955366
0.80658084
1.1277754
0.7709163
0.8371466
0.8768115
0.8577586
0.91534716
1.1390432
0.809996
0.76318413
0.8867948
1.0548885
0.74330115
0.916345
0.90144145
0.7922448
1.0781838
0.7610745
0.74238616
0.9108321
0.8323683
1.1053035
0.73836225
0.84960717
0.87339467
0.88757676
1.098401
0.74314415
0.93566847
0.8297392
1.0812835
0.79672205
0.7376632
0.89096516
0.8208228
1.1096926
0.74313575
0.9046452
0.83354527
0.8710198
1.1007717
0.7613076
0.89234394
0.815939
1.1045576
0.7808459
0.87364465
0.8202743
0.8717411
1.0896264
0.7357061
0.8731604
0.831606
0.8775064
1.0817236
0.7660092
0.9259886
0.8513007
1.0821531
0.7832482
0.7077245
0.8967968
1.1109763
0.73918444
0.93874735
0.78911847
1.0791204
0.7673962
0.89008045
0.80708855
1.1024793
0.71538866
0.9060813
1.064991
0.77822006
0.9306974
0.8221037
1.0841652
0.77238506
0.87562305
0.8840599
1.0959268
0.7788841
0.861151
1.1185901
0.88107175
0.85357463
0.8852342
0.89231366
1.0667422
0.7739757
0.9203139
1.0621889
0.7319895
0.8910399
0.8779953
1.0928428
0.7569525
0.94370025
1.0546112
0.8458393
0.82837176
0.83266604
0.8761598
1.1207459
0.7333382
0.8652114
1.089937
0.79999334
0.8427334
0.8709815
1.0770588
0.90758425
0.8759736
0.92039317
1.0773594
0.74655926
0.8709483
0.89070755
1.0533645
0.7321881
0.85493124
0.8164887
1.1442751
0.7871341
0.8967244
0.8535833
1.0794015
0.9059882
0.87419
1.074953
0.75077033
0.8443606
0.8302949
1.1464231
0.7896332
0.8789827
0.87295705
1.057354
0.88453674
0.8940355
0.87308717
1.0810192
0.7767646
0.8590366
0.8341178
1.1488776
