0.76777226
0.7220632
0.9750401
0.9865209
0.96555084
0.90732795
0.94853663
0.8707599
0.7985058
1.0014867
0.99701434
0.9302804
0.9678747
0.9263099
0.889468
0.9142774
0.8321097
0.8334495
0.80667806
0.75263935
0.96244514
0.995145
0.91138667
0.9302325
0.8641753
0.9088589
0.6803464
0.96717745
0.9414089
0.88165253
0.88994753
0.8574886
0.9875135
0.93994504
0.9543433
0.98685694
0.8191316
0.81014633
0.86927915
1.1810306
0.8021575
0.77043927
0.8996354
0.9164324
0.84567374
1.1530888
0.77618307
0.8031799
0.9021167
0.9447293
0.8447137
1.1359296
0.7938892
0.8561467
0.892782
0.86215484
0.9548649
1.1338512
0.829954
0.8116115
0.8973887
1.0869452
0.7437557
0.9561919
0.9269395
0.824972
1.0854012
0.8387229
0.75944865
0.94646347
0.85494137
1.129242
0.7311662
0.88464606
0.9079266
0.90418166
1.110031
0.7555733
0.96480024
0.8157952
1.1003007
0.83904713
0.7186734
0.92073953
0.8116352
1.1185721
0.83058393
0.9541721
0.85830325
0.88609177
1.1062912
0.83406943
0.94381297
0.8527079
1.1047268
0.7572725
0.9240799
0.82753205
0.9242939
1.102868
0.7512005
0.88352704
0.8779573
0.91629577
1.1032214
0.8025435
0.96681994
0.88615423
1.0976068
0.8381699
0.81025034
0.9427523
1.106619
0.80775315
0.9803361
0.82663304
1.0825938
0.8363765
0.9279959
0.7891746
1.1085219
0.7841215
0.9269713
1.07449
0.8058136
0.96839577
0.8807991
1.094182
0.7591853
0.8753411
0.91756314
1.109669
0.8281512
0.9117278
1.1374232
0.90863115
0.8785474
0.9433691
0.92232716
1.0883889
0.8384656
0.9650774
1.072032
0.77213085
0.9228619
0.892644
1.0945777
0.79295367
0.96916986
1.0682875
0.8856521
0.84774154
0.84124124
0.9084023
1.1441735
0.79258245
0.929201
1.0773201
0.8252576
0.8928505
0.91590416
1.087984
0.9355331
0.9146301
0.92833614
1.0888828
0.7732942
0.9127179
0.93051386
1.0646131
0.80468595
0.88506883
0.83707386
1.1425744
0.7797673
0.92984957
0.88609415
1.0924797
0.93335354
0.89783114
1.0781558
0.7718748
0.8977806
0.8373982
1.1492394
0.8375248
0.9094916
0.9326071
1.0839729
0.9106829
0.9425766
0.91192496
1.0839897
0.7814825
0.8639286
0.8708857
1.1574632
