0.6377138
0.56949025
0.77885485
0.7544668
0.71884745
0.7130808
0.7325206
0.74648833
0.58973753
0.6834888
0.7109371
0.71252674
0.6424557
0.6952924
0.5781326
0.6171573
0.7018445
0.62717295
0.61453635
0.59497887
0.73070145
0.7582836
0.6347511
0.6785042
0.7377736
0.7013598
0.47515306
0.7135953
0.694274
0.59175116
0.5929739
0.66331923
0.7613103
0.60550934
0.6414989
0.7013644
0.6405263
0.6340326
0.7045458
1.0902772
0.6376847
0.6138829
0.6850006
0.7021923
0.6776221
1.0805002
0.6056926
0.6090394
0.6723994
0.68262565
0.64045113
1.0508133
0.61007094
0.6553314
0.67117137
0.66239977
0.6964617
1.0748212
0.6453961
0.6281833
0.73746276
1.0391853
0.591853
0.72474337
0.7067441
0.65954024
1.0010718
0.6538009
0.60551083
0.7215768
0.66672385
1.027722
0.61872923
0.6883315
0.6846664
0.6934396
1.0222704
0.57422954
0.75953823
0.68711185
1.0094678
0.6651114
0.6184839
0.6982649
0.5972096
1.0276768
0.64838344
0.7288093
0.6730136
0.6950673
1.0288376
0.6535975
0.72733015
0.71679723
1.0453545
0.58498967
0.71137553
0.6642597
0.6694727
1.0253363
0.5775135
0.69631064
0.6887911
0.73206556
1.0525861
0.63002586
0.7406612
0.7000053
1.0077517
0.6452738
0.62120885
0.728228
1.0452126
0.62624896
0.75412416
0.67443764
1.0091559
0.65813655
0.71655464
0.6396042
1.0139335
0.65885353
0.7299872
1.0307713
0.65275747
0.7577083
0.6845728
1.0004709
0.64760995
0.68123055
0.72219944
1.0174024
0.66399604
0.7276501
1.0556827
0.68258345
0.67837405
0.6952932
0.704531
1.0240742
0.67858255
0.76820725
0.9860566
0.6413157
0.73942876
0.69555175
1.0435531
0.7144843
0.77773976
0.9795676
0.6693752
0.6330885
0.63979113
0.6834664
1.0332634
0.66086143
0.728843
1.0320523
0.67420435
0.70500743
0.7486929
1.0401026
0.7033334
0.6930237
0.7053818
1.0156127
0.6434286
0.74009156
0.70816296
1.0253984
0.62480044
0.7002775
0.6817778
1.0742503
0.6550939
0.7231549
0.72217196
1.0403265
0.7405251
0.74482167
0.998986
0.6481827
0.68369234
0.67026633
1.0775024
0.62884575
0.7320965
0.7137395
1.026064
0.7039052
0.7351832
0.69251174
1.0180846
0.6323987
0.705961
0.6649931
1.0775392
