0.7387617
0.6559809
0.8760876
0.89581287
0.8830932
0.8501834
0.8422827
0.8404575
0.70636547
0.87484545
0.91183573
0.8653499
0.8414513
0.8366612
0.73371446
0.8112792
0.8150924
0.74594
0.76863205
0.69384545
0.92535686
0.9048655
0.70338655
0.81711817
0.80412847
0.83929515
0.61306185
0.8762754
0.8608627
0.76259047
0.81317973
0.8138101
0.9175272
0.8174219
0.8035763
0.8942806
0.7189166
0.7008362
0.7623364
1.1332185
0.7175293
0.6922594
0.81223875
0.82940775
0.7808571
1.1254358
0.6901802
0.7203229
0.8038954
0.8436777
0.7619838
1.1113594
0.68936723
0.7572187
0.82329595
0.76767755
0.84984607
1.1146816
0.69317317
0.64320624
0.829538
1.0457842
0.71873736
0.8261141
0.8309435
0.7790105
1.0438311
0.7120231
0.6864002
0.87228286
0.78196824
1.0820421
0.68581533
0.7843275
0.8190423
0.82484066
1.0696671
0.6750308
0.88182324
0.76697725
1.0537955
0.7089339
0.68652296
0.7930688
0.7302488
1.067409
0.6784779
0.8358558
0.75409305
0.80087453
1.0847371
0.70960987
0.85010916
0.7559132
1.0821823
0.6914513
0.8207992
0.7500669
0.8185076
1.0519301
0.67008954
0.8109014
0.7639669
0.82852376
1.0724242
0.72165954
0.85682553
0.8115536
1.0598669
0.6991006
0.6773437
0.85316914
1.0636071
0.6937902
0.8706435
0.72735465
1.0526569
0.71909225
0.8245904
0.70622134
1.0435845
0.6674615
0.8266271
1.0643245
0.7057476
0.87170106
0.7956439
1.0545456
0.7234116
0.8211011
0.81095904
1.0695696
0.68924636
0.7942811
1.093642
0.82705206
0.7738917
0.82550716
0.8091327
1.0520701
0.72508943
0.86082816
1.0291637
0.695486
0.82751536
0.7837061
1.08719
0.7218479
0.8756985
1.0213026
0.7753546
0.77065796
0.74952847
0.80745
1.1054317
0.6796664
0.80972636
1.0471646
0.7348025
0.77929753
0.82517356
1.0630647
0.84041405
0.80678934
0.8326571
1.0601108
0.69218934
0.8203804
0.8011457
1.0400429
0.67078704
0.7888561
0.75968236
1.1289233
0.7070545
0.8386663
0.81254745
1.0769316
0.8421993
0.80908984
1.0357403
0.68821406
0.77724516
0.76864576
1.1236066
0.7325182
0.8146101
0.82583857
1.0458943
0.820768
0.8275922
0.8022348
1.0716734
0.6818875
0.8065869
0.7597005
1.1182686
