0.7236273
0.6624753
0.88491184
0.90986305
0.8846992
0.8582614
0.86920017
0.8182779
0.7046895
0.87463415
0.909631
0.8745391
0.85101485
0.8613304
0.7195792
0.8268685
0.83075315
0.7584731
0.7441539
0.7165572
0.9362476
0.91483516
0.7214378
0.83430445
0.8299579
0.8714784
0.56276256
0.894108
0.8721979
0.77998364
0.8197272
0.80942076
0.9445005
0.81324047
0.83260095
0.88023525
0.72121763
0.6712585
0.77388704
1.1268446
0.69778144
0.6726816
0.77777654
0.82420427
0.7759679
1.1374902
0.6551622
0.71649253
0.77508444
0.8217157
0.75141144
1.1257223
0.6968786
0.7438966
0.78892684
0.76878124
0.8256782
1.1356694
0.7430037
0.64787585
0.833674
1.0591683
0.68406796
0.83621997
0.8244463
0.74423295
1.0543573
0.72574806
0.7174135
0.82922363
0.7816005
1.093659
0.70248324
0.80669296
0.8098684
0.81669027
1.0872855
0.66679555
0.8611287
0.7677103
1.0636896
0.70546895
0.6852028
0.7984231
0.7023177
1.0909164
0.7042041
0.836175
0.7596928
0.79952073
1.0819309
0.72232187
0.8479604
0.7783929
1.0806756
0.6521923
0.817624
0.7539815
0.8257403
1.062138
0.6415212
0.80430204
0.7519787
0.82621837
1.0789326
0.7092031
0.84012014
0.79141814
1.0662336
0.7149108
0.67488784
0.8256599
1.0873214
0.667735
0.8682539
0.763798
1.0665952
0.7194926
0.81722707
0.7334533
1.076295
0.6945555
0.836911
1.0637013
0.68379265
0.84839284
0.77812165
1.0655996
0.6668073
0.7970488
0.80025524
1.0907384
0.69523114
0.7830929
1.0805072
0.8050886
0.7778436
0.83322006
0.79860723
1.0731528
0.7367622
0.84793437
1.035241
0.6785342
0.82538885
0.7892129
1.0934235
0.7207235
0.8651179
1.0395944
0.7903433
0.7457851
0.75902224
0.8016993
1.1157056
0.7165774
0.80994135
1.0618049
0.73878044
0.7787266
0.8383241
1.0765096
0.8348259
0.7986175
0.8455793
1.0785235
0.70555234
0.8388223
0.8195961
1.0568779
0.678949
0.77777106
0.7580283
1.1161993
0.6932784
0.83266634
0.78537357
1.0921795
0.83225155
0.8383049
1.0557956
0.6726675
0.7865546
0.7465083
1.1196425
0.7025462
0.8112465
0.8295707
1.0588405
0.82189256
0.82812816
0.79552627
1.0887313
0.6734346
0.79656523
0.7554766
1.1183878
