0.58351165
0.6068487
0.86434025
0.99605507
0.9543953
0.8863819
0.8668814
0.75699663
0.57789236
0.9486265
0.94007754
0.8291391
0.87981576
0.82745713
0.7903205
0.83823067
0.73704994
0.8457687
0.56537783
0.5683407
0.910447
0.9680518
0.8304368
0.80469954
0.80378395
0.79031485
0.51857805
0.8802095
0.95321345
0.80497396
0.8634174
0.8111869
0.9678703
0.8615492
0.8184307
0.8841411
0.67533517
0.6784663
0.79345846
1.0878862
0.5641405
0.5301112
0.7226639
0.79245526
0.69391793
1.1863397
0.50292397
0.65823907
0.74564534
0.8366766
0.65547764
1.2013922
0.4962643
0.7032569
0.77091366
0.6548507
0.80827385
1.182417
0.6400664
0.6567063
0.82700205
1.0955718
0.52213556
0.89041203
0.76922786
0.6566387
1.1516861
0.57885474
0.59338623
0.8946057
0.7604254
1.1538293
0.50653297
0.7626278
0.799491
0.76741457
1.1750913
0.6668822
0.9408571
0.79147416
1.1369131
0.5846774
0.53627133
0.9492582
0.68410593
1.1464121
0.5726182
0.8602856
0.65498257
0.77160054
1.1370649
0.6436889
0.8722123
0.7741338
1.1015531
0.5039424
0.8519546
0.6410046
0.8233889
1.1677725
0.53034127
0.73725957
0.67491573
0.8237823
1.1385207
0.5917055
0.89268357
0.8340717
1.1164093
0.69636774
0.6747254
0.86867976
1.0955335
0.71794677
0.95011324
0.8392701
1.1084512
0.67508936
0.9305752
0.7668542
1.1202724
0.75136185
0.8896073
1.044322
0.719025
0.9276422
0.82930213
1.1348493
0.63879263
0.8191312
0.8728103
1.1291215
0.7571339
0.9024675
1.0366182
0.7339082
0.74317634
0.8205976
0.7370473
1.1496676
0.80513024
0.96993
1.082926
0.6285015
0.838826
0.77442867
1.0964702
0.99988526
0.9979094
1.118825
0.78078103
0.67771554
0.6827855
0.79657024
1.1755152
0.7845961
0.88250434
1.0391679
0.67791384
0.7529184
0.8620927
1.0980121
0.800689
0.81771195
0.7941698
1.1226751
0.59383523
0.8597894
0.8206022
1.1057488
0.62080646
0.7612704
0.7533709
1.0931377
0.6021668
0.83795166
0.7976368
1.1012754
0.9153481
0.8692372
1.0597097
0.6420764
0.78677523
0.75119686
1.0800569
0.6035165
0.80318254
0.86306983
1.1081944
0.7936944
0.8458831
0.80642897
1.119699
0.64682317
0.7612574
0.7441768
1.0975205
