0.5234949
0.60798055
0.8012007
0.84265125
0.8393312
0.73559994
0.75376993
0.7310874
0.5180823
0.7958493
0.8418377
0.6986882
0.6603256
0.74699634
0.6803011
0.711702
0.70812017
0.78470784
0.6011886
0.56423056
0.87070733
0.8580246
0.671614
0.61274934
0.80424434
0.6511471
0.44304973
0.7365829
0.78518325
0.6546351
0.74491215
0.7184108
0.8998787
0.64377683
0.6769195
0.74921656
0.5677033
0.56104535
0.73508763
1.2566446
0.5639645
0.51061845
0.587192
0.72421974
0.61768496
1.3660123
0.4350488
0.6190385
0.6723512
0.76926273
0.597787
1.363882
0.46399707
0.63750273
0.6718384
0.60790586
0.78659767
1.3206378
0.5729106
0.6458828
0.73795474
1.2085447
0.5075078
0.78660977
0.70537496
0.56677204
1.201346
0.5542299
0.5668638
0.7763566
0.6617413
1.2412164
0.4612269
0.6571254
0.76079124
0.675666
1.2873966
0.5885173
0.8423367
0.644288
1.2411308
0.65701354
0.51646966
0.83601147
0.6354905
1.2254059
0.51381344
0.7733523
0.5940908
0.6808871
1.2347771
0.62564474
0.7559238
0.71440405
1.2292304
0.5624554
0.733346
0.60094994
0.73321533
1.2679707
0.48012665
0.72880423
0.6255501
0.78082997
1.2536902
0.5951799
0.8273951
0.70701367
1.2083207
0.5580447
0.59142
0.795668
1.2369401
0.6511315
0.8267282
0.701968
1.2373444
0.6332402
0.8128529
0.7122047
1.1857309
0.7089223
0.7610317
1.1716557
0.65780294
0.8211829
0.69467556
1.2064532
0.6155488
0.7157169
0.7740681
1.2630526
0.69900024
0.7747751
1.2047323
0.68321854
0.7006244
0.7447505
0.66264176
1.2530068
0.7588844
0.801756
1.1573709
0.5488182
0.75023186
0.7035832
1.203023
0.7275946
0.892875
1.2074149
0.68103313
0.6761919
0.64260536
0.76184005
1.355688
0.70676696
0.7540823
1.1659006
0.6787219
0.6970508
0.76522976
1.2229564
0.757926
0.72220427
0.709438
1.2088953
0.58690953
0.82758796
0.7683608
1.2092628
0.5777821
0.69852746
0.63599974
1.260041
0.5634695
0.7672323
0.71515805
1.2268379
0.8364698
0.8158745
1.1389103
0.58172125
0.69804376
0.74296355
1.2628626
0.58904713
0.7857997
0.7429005
1.2294306
0.7245727
0.78192556
0.7609807
1.2121074
0.55417114
0.6569539
0.68695045
1.2830082
