0.58561224
0.5728195
0.9382734
0.9774472
0.9407692
0.89850837
0.8959102
0.76039135
0.5250286
0.97368395
0.98188114
0.7937719
0.86661124
0.8333779
0.8108351
0.83515626
0.7808559
0.8844066
0.56652033
0.55580056
0.93842715
1.0191272
0.8524251
0.7826482
0.8449855
0.79783964
0.5260917
0.89572346
0.9759704
0.7703278
0.89636457
0.80828184
0.9716848
0.8704721
0.83836323
0.87417054
0.6604654
0.66423815
0.7571696
1.1223468
0.54477155
0.5322359
0.6526548
0.7694746
0.6373274
1.2340244
0.5013925
0.6368054
0.7059835
0.7972708
0.6017778
1.2589653
0.49987006
0.6095922
0.7101431
0.62422675
0.7401246
1.2231767
0.63919526
0.6997116
0.81842667
1.1299311
0.5265698
0.8784907
0.78031003
0.6238735
1.1983374
0.5826268
0.62977624
0.8279641
0.78406686
1.1745455
0.54948515
0.7599092
0.77854425
0.7630388
1.216833
0.6128479
0.9113923
0.61911136
1.1721979
0.6346908
0.58246845
0.9130246
0.650624
1.1947825
0.54804575
0.80162907
0.66273916
0.6897217
1.1808159
0.6642635
0.86263376
0.79141605
1.1437383
0.49807528
0.8064651
0.5784301
0.77018034
1.2160103
0.4860307
0.71950155
0.6443094
0.80062485
1.1761892
0.6597885
0.87547404
0.8333909
1.1577346
0.6964139
0.6777067
0.88578236
1.1306703
0.7422445
0.90637565
0.8126427
1.1549691
0.72200364
0.9334337
0.75302
1.1703922
0.77427614
0.8753026
1.07786
0.65583855
0.946312
0.78191173
1.1767867
0.65935683
0.7972722
0.8548836
1.1671641
0.7940144
0.8989566
1.0643867
0.73078966
0.71388584
0.8193993
0.72004926
1.2077619
0.83252114
0.97785515
1.1418979
0.6816452
0.7791054
0.7613104
1.1350255
0.7899118
1.0018489
1.1327842
0.72748995
0.6915638
0.67508596
0.787129
1.2257024
0.7890907
0.8333344
1.0787803
0.7214867
0.73868865
0.8453613
1.1283407
0.8001028
0.78656256
0.78930604
1.1608641
0.61565495
0.8595443
0.8148116
1.1415586
0.60739547
0.7410921
0.7443223
1.127474
0.6422983
0.83816665
0.7924364
1.1366761
0.91736764
0.9030132
1.1257234
0.65564156
0.74123335
0.7410092
1.11741
0.6094159
0.8249419
0.8400424
1.1415427
0.79705024
0.8437208
0.8000241
1.1736366
0.6018394
0.7341109
0.72160167
1.1406635
