0.54429203
0.50830084
0.83564436
0.89121306
0.8342457
0.8143003
0.76855826
0.6479408
0.47467554
0.8055571
0.8961405
0.6640622
0.77291816
0.7073221
0.7058212
0.69167733
0.6404475
0.80746233
0.5096424
0.50872046
0.8368575
0.8691861
0.754645
0.67897916
0.77996486
0.6760724
0.4898716
0.74319726
0.8368557
0.63862085
0.7473403
0.7304615
0.87106663
0.7220146
0.70520043
0.7416281
0.58936465
0.58936995
0.69758654
1.1139364
0.50800383
0.517783
0.62904406
0.7449644
0.6184471
1.2311884
0.49392897
0.5988445
0.6879805
0.7472032
0.58896315
1.2358783
0.47018024
0.6107848
0.72395426
0.610633
0.7599736
1.2012192
0.5676226
0.65198386
0.80563605
1.1368556
0.513532
0.80228525
0.67613995
0.5852909
1.1745448
0.5850265
0.6223526
0.80835044
0.6524502
1.1830527
0.5365183
0.64631426
0.7386878
0.7054788
1.2147038
0.5979892
0.83266246
0.67105114
1.1684977
0.5846828
0.55363905
0.83230853
0.6349286
1.1747457
0.5331297
0.77687275
0.6290454
0.7223756
1.171424
0.6301657
0.81301
0.7284336
1.1452334
0.48624268
0.77212507
0.61321217
0.68952394
1.2035334
0.49727583
0.6861092
0.62254214
0.7674306
1.1870453
0.5870648
0.8472159
0.75679636
1.1561482
0.66039526
0.63697577
0.80228573
1.1384773
0.63102514
0.85311204
0.72068226
1.1540304
0.665348
0.828131
0.68660057
1.1661328
0.70097095
0.7994124
1.1000774
0.65124923
0.874345
0.7060107
1.1642992
0.60001206
0.7350251
0.79033756
1.1705046
0.72757447
0.7980135
1.0871719
0.6879405
0.6654326
0.7650128
0.6719207
1.1940217
0.71733975
0.87483317
1.1371572
0.57321167
0.7518867
0.70491004
1.1264025
0.75307447
0.908997
1.1624194
0.6484683
0.66432065
0.6138201
0.7006929
1.2265658
0.69151646
0.79087406
1.0888395
0.6493467
0.7019274
0.7907365
1.1523597
0.72738
0.7448931
0.7225895
1.1244147
0.5418192
0.7942966
0.73408335
1.1512666
0.5977127
0.6827147
0.68291
1.1183994
0.58340025
0.76273
0.7082791
1.1483719
0.8706993
0.81783515
1.1150007
0.56224257
0.67205054
0.657167
1.1343534
0.61287576
0.7757714
0.8113861
1.1664344
0.7055814
0.8131819
0.70253044
1.1465961
0.6005864
0.6616254
0.66140485
1.1455996
