0.56827337
0.5181045
0.86070824
0.9451831
0.92578304
0.8397763
0.8560153
0.7213408
0.5300237
0.8938478
0.92846805
0.7543634
0.8118278
0.7836723
0.8000638
0.7719618
0.6663276
0.82897455
0.52251595
0.5343848
0.8981367
0.9558079
0.8136263
0.77988124
0.8281581
0.77692133
0.47357872
0.8888168
0.86961865
0.7044025
0.7959949
0.77582955
0.9592154
0.78636146
0.77799594
0.8150225
0.6291933
0.64065623
0.748613
1.1247717
0.5270032
0.50943744
0.64931554
0.75228834
0.62405676
1.2347502
0.48267245
0.61662614
0.6934899
0.800505
0.6346785
1.2643297
0.54225475
0.6155493
0.698416
0.5880157
0.7895982
1.2206898
0.6576157
0.7025597
0.79595137
1.1294408
0.5522481
0.8574377
0.7814064
0.6525953
1.22321
0.585593
0.6294042
0.8419247
0.713556
1.1815691
0.55579555
0.7151152
0.78228414
0.71029437
1.2282025
0.64446616
0.8865591
0.68355733
1.1678028
0.6011617
0.5468269
0.8824764
0.6339725
1.2104812
0.5401247
0.83637214
0.6488003
0.71055925
1.1798639
0.6270496
0.81774217
0.77169484
1.135211
0.49711794
0.7881707
0.6106543
0.7645442
1.2134283
0.5291812
0.7114959
0.624909
0.7851312
1.181132
0.6302041
0.8646874
0.8141997
1.1685159
0.6375171
0.6899932
0.8527332
1.1395195
0.69344383
0.8765915
0.7956298
1.1684868
0.69446087
0.8739126
0.72154796
1.1958855
0.74676025
0.8452289
1.0927722
0.642823
0.90465194
0.7203553
1.1910905
0.6316766
0.76631826
0.82897836
1.1784976
0.7337322
0.8691226
1.0873272
0.71879566
0.717097
0.81942236
0.7144343
1.191704
0.76727146
0.9372569
1.1531358
0.63262844
0.81134224
0.7734704
1.146791
0.776997
0.9612447
1.150563
0.69204825
0.6731553
0.650958
0.7912542
1.2264425
0.74644107
0.8363528
1.0964639
0.7064364
0.7387472
0.8626931
1.1358707
0.7702574
0.8137936
0.79588294
1.1620907
0.6317087
0.8565554
0.80307597
1.140824
0.63766813
0.721737
0.7106665
1.146405
0.6536863
0.80110246
0.7606593
1.1439371
0.88247424
0.85447675
1.1245403
0.63653004
0.7481971
0.7072049
1.1250144
0.63546675
0.8321443
0.8385732
1.1477238
0.7948108
0.82153475
0.7702029
1.1783189
0.63266355
0.7205629
0.69398725
1.1498624
