0.60406125
0.57561266
0.6305706
0.62486994
0.62613624
0.60583174
0.6164075
0.5826808
0.4828097
0.53607297
0.52902913
0.52608377
0.53317976
0.50247663
0.5311334
0.50313866
0.5402758
0.48908472
0.5887392
0.59373945
0.6311231
0.6338006
0.6052644
0.6195419
0.59178185
0.606287
0.48200887
0.53695256
0.54576397
0.5123545
0.49803254
0.49112782
0.5315928
0.5020829
0.5294502
0.5210348
0.8942747
0.8270182
0.874693
0.91850084
0.66358095
0.64053786
0.7140839
0.7263462
0.6862875
0.7266884
0.6452153
0.59385127
0.62884986
0.7214347
0.7141818
0.72351205
0.62312734
0.60982245
0.67404103
0.67438686
0.7740235
0.72321755
0.88245445
0.9593257
0.8829781
0.9214183
0.7617052
0.84611875
0.8568273
0.7764833
0.80604917
0.8159102
0.84046847
0.8320672
0.8316173
0.80744565
0.7966023
0.8149702
0.80789244
0.8460278
0.80432
0.88227874
0.95759803
0.9205157
0.9195118
0.82120585
0.7780916
0.72556615
0.6776438
0.80827194
0.75489336
0.8486247
0.7884007
0.85871494
0.8074875
0.97407603
0.974178
0.96006924
0.9191986
0.74763685
0.8257835
0.7735197
0.81404024
0.80444413
0.71316904
0.8643343
0.7731225
0.8067583
0.80783695
0.8797634
0.97586447
0.9206928
0.92076576
0.8968258
0.9331341
0.9891889
0.91892016
0.8999496
0.972694
0.92474043
0.9196798
0.9271934
0.8614589
0.89549005
0.91958076
1.0972668
1.0973642
1.0842752
0.9588761
0.9655276
0.9849364
0.92141443
0.9729231
0.90768635
0.87401885
0.91734457
1.1111243
1.1607234
1.0842923
0.76107186
0.78779626
0.8389002
0.78908914
0.8062355
1.1403735
1.1377224
1.0852565
0.90242803
0.9391454
0.9526886
0.9195379
1.0985216
1.1150149
1.0862994
0.64323384
0.760982
0.6495514
0.72487843
0.8057725
1.0889934
1.1154691
1.0847201
0.9688567
0.97647095
0.9648768
0.9215944
0.95472544
0.9858288
0.9632993
0.91805154
0.910891
0.91257715
0.984165
0.920734
0.82823116
0.91384614
0.8643048
0.9183066
0.91354054
0.9484349
0.93394285
0.9196077
1.1440448
1.158528
1.0840108
0.85266966
0.9513031
0.8510051
0.91821116
0.9511074
0.988641
0.9741257
0.92170024
0.9146789
0.9586959
0.9630573
0.9169153
0.8605965
0.9189917
0.8563672
0.92005754
