0.52953047
0.5486098
0.82003343
0.91169566
0.81775504
0.746938
0.76299524
0.7113955
0.5462097
0.8245449
0.8126849
0.66900456
0.73293996
0.67142063
0.65487844
0.72998655
0.6567856
0.75875217
0.51478064
0.4893926
0.8355655
0.85497713
0.72047323
0.62211335
0.7761235
0.6625427
0.46400934
0.759708
0.7902299
0.63817465
0.7226533
0.6962149
0.8584551
0.6807377
0.7404255
0.78956074
0.62460244
0.60527015
0.70300984
1.1286412
0.54407376
0.49974516
0.60906744
0.67928064
0.63568944
1.2471305
0.4885895
0.5647858
0.6901715
0.69876766
0.6002254
1.2393583
0.4623345
0.5869291
0.69325227
0.57986164
0.6888949
1.2147392
0.5976338
0.6207658
0.7627021
1.1258276
0.49593592
0.79112864
0.7005847
0.61758035
1.1384712
0.5480865
0.61711234
0.7654536
0.64789075
1.1635652
0.49470428
0.68575144
0.71716356
0.709145
1.2014294
0.5608936
0.8059085
0.6910731
1.1593964
0.58342385
0.5313386
0.78822863
0.65048414
1.1423718
0.57375115
0.7687277
0.5836711
0.6975543
1.1455734
0.63948506
0.746428
0.7312497
1.1441197
0.4999857
0.7561258
0.5940721
0.71278167
1.1872917
0.5809952
0.71553665
0.58222395
0.7626455
1.1841031
0.5676333
0.778152
0.7062385
1.1288193
0.63998747
0.54866356
0.8127718
1.1206203
0.6588483
0.8310791
0.6593042
1.1435717
0.6560134
0.78295684
0.680551
1.1296815
0.68807435
0.78516763
1.1216161
0.5972526
0.8237177
0.697887
1.1594294
0.648544
0.7374724
0.72471476
1.2006443
0.6960195
0.7629553
1.0928601
0.6562334
0.6279889
0.75212497
0.67874956
1.1878278
0.72211903
0.87401026
1.1029634
0.60875887
0.7022405
0.7231315
1.1835048
0.6895204
0.883218
1.1281371
0.67605144
0.629025
0.6116012
0.7383819
1.2159673
0.7081824
0.7386271
1.0999116
0.65922964
0.73159534
0.7852582
1.1470138
0.71755105
0.7812571
0.7336157
1.14277
0.5888695
0.7659866
0.7688507
1.1118417
0.58769256
0.6552423
0.6718734
1.1563469
0.5770531
0.7423501
0.7272796
1.1664954
0.8170983
0.79829735
1.1018174
0.58707523
0.6622399
0.7330436
1.1372783
0.58231366
0.73998314
0.77145666
1.1410935
0.72807884
0.7375086
0.7365197
1.1304133
0.5753052
0.69209534
0.66403306
1.1588374
