0.60394675
0.5427829
0.84082377
0.9340121
0.8735861
0.8200423
0.82183737
0.7385952
0.5421752
0.886616
0.87912357
0.7715259
0.82424635
0.7800534
0.76620835
0.8150526
0.7361806
0.79552805
0.54541683
0.52476335
0.8560715
0.92816657
0.8232661
0.7546913
0.7768931
0.7319972
0.5137187
0.85019046
0.89517474
0.7582984
0.7984628
0.76473945
0.89203537
0.80868423
0.79008794
0.82651883
0.67105
0.6490613
0.77996975
1.0380055
0.5551555
0.5860512
0.72479093
0.8348873
0.6808041
1.1272818
0.49687362
0.67141116
0.75619787
0.87822706
0.6751096
1.1404072
0.54299265
0.71044356
0.8020718
0.6619244
0.84200215
1.1198804
0.66618586
0.67478764
0.87829626
1.0587375
0.54175276
0.92598426
0.8277662
0.67835766
1.0943611
0.6131682
0.56818444
0.91897804
0.7895784
1.0941268
0.5318
0.74350846
0.8496915
0.7598968
1.1128377
0.68881094
0.9605236
0.8055562
1.0946872
0.59352845
0.55977106
0.9887769
0.7768023
1.0996077
0.5521325
0.89010316
0.71899724
0.8138445
1.0927
0.68480825
0.8966911
0.7865104
1.0568538
0.50821555
0.8631315
0.6764744
0.83189315
1.1140199
0.5244459
0.7638458
0.69721806
0.8409768
1.0945685
0.61185706
0.9221053
0.8209042
1.0519774
0.69218326
0.65615034
0.92175883
1.0477252
0.67371696
0.9573497
0.8217083
1.058715
0.6409018
0.94731206
0.7842017
1.0752176
0.7411635
0.9052676
0.99243677
0.695277
0.9656569
0.88074505
1.0959626
0.6273231
0.83160573
0.9115437
1.065465
0.77077657
0.92516786
0.9818484
0.78433055
0.7313357
0.8289646
0.7547275
1.1105994
0.78308046
0.9848129
1.0218209
0.64315206
0.84223634
0.8121997
1.0451534
0.9711488
1.0174924
1.049123
0.77108854
0.70207036
0.74722576
0.85812044
1.1185936
0.7677359
0.89220786
0.99992645
0.62946135
0.75538933
0.8930585
1.0596734
0.84164566
0.8479209
0.8114801
1.0566294
0.6161164
0.8983784
0.84215605
1.0645307
0.6515724
0.7976968
0.7826566
1.0396991
0.61525875
0.8358025
0.83666396
1.0457593
0.90708315
0.9014082
1.0198342
0.62611574
0.7875721
0.75841165
1.031122
0.6593712
0.8227703
0.86136836
1.0534757
0.81287444
0.86102724
0.82463855
1.0796192
0.6445696
0.7576299
0.74902195
1.0452636
