0.52249914
0.54811436
0.9013581
0.98780507
0.94199854
0.90911
0.87148815
0.7785896
0.49017894
0.97888094
0.93984
0.7950984
0.84964836
0.7705224
0.789094
0.83669883
0.6968697
0.8671117
0.58090293
0.5132695
0.94009894
0.9827864
0.8282836
0.8140018
0.8335343
0.79272854
0.55089515
0.88050675
0.9541341
0.73410195
0.84596205
0.76228684
0.9393272
0.849365
0.794964
0.87953216
0.6295064
0.6728158
0.7456646
1.1219641
0.54463494
0.5070556
0.6366385
0.7341999
0.61873776
1.239426
0.5207891
0.62197965
0.72008294
0.793116
0.6262472
1.2660874
0.5112031
0.6360903
0.73454624
0.63688135
0.7468318
1.2158462
0.6566236
0.7193034
0.8236621
1.1467276
0.54155576
0.83904463
0.7383593
0.6449518
1.2087528
0.6435414
0.599613
0.8085139
0.7410244
1.1938871
0.54488415
0.70671016
0.8478359
0.7423241
1.2288573
0.6227643
0.92492414
0.70149344
1.1885347
0.601654
0.5496066
0.91273576
0.6491099
1.2049594
0.5970583
0.8181664
0.6562228
0.750743
1.1876929
0.7077017
0.8450869
0.7794936
1.1578382
0.4945154
0.80173343
0.62590706
0.7972949
1.2200197
0.49880454
0.7157446
0.6424159
0.8180155
1.2061867
0.661094
0.8826613
0.83612454
1.1761643
0.703634
0.73428917
0.8776991
1.1531172
0.72593594
0.91530716
0.8349338
1.1712745
0.67884874
0.89149964
0.7537006
1.1865219
0.7480801
0.87367946
1.1129544
0.62144965
0.927266
0.7637751
1.1906193
0.6660164
0.7882025
0.83786374
1.2126286
0.7481904
0.8838784
1.0955662
0.74096763
0.706992
0.8372029
0.6657013
1.222798
0.81452423
0.98197865
1.1725382
0.6578369
0.77203244
0.78730404
1.1675583
0.78960055
0.9947523
1.1618291
0.6781417
0.6561475
0.65333194
0.7724831
1.2478899
0.7899398
0.84489155
1.0946678
0.6888878
0.7949982
0.84602493
1.1741832
0.8077719
0.7904134
0.7693838
1.1721479
0.69681084
0.8528032
0.8260992
1.163891
0.64838296
0.74072826
0.74663395
1.1525406
0.60081375
0.8634369
0.7723333
1.1635478
0.9063529
0.8870461
1.1326463
0.64716715
0.7386616
0.7513239
1.1416624
0.6648013
0.84548205
0.8747505
1.165557
0.8065348
0.87114537
0.7976239
1.1817403
0.6147447
0.7375899
0.70949703
1.1488105
