0.44730434
0.44012132
0.725531
0.8072517
0.7679708
0.7140317
0.70373076
0.59385455
0.477243
0.7734489
0.778396
0.6634676
0.7509341
0.6556578
0.7201115
0.7030699
0.5549855
0.68734825
0.4302243
0.42015985
0.74839324
0.8307179
0.7793738
0.69289225
0.6980656
0.6482738
0.42248836
0.729249
0.7674026
0.6432064
0.7261857
0.6239215
0.7440393
0.6908457
0.7153952
0.7077421
0.8000895
0.7705258
0.897876
0.9733288
0.681192
0.63666517
0.7990456
0.9321464
0.76841885
1.0316379
0.5540741
0.73988926
0.8376662
0.96707445
0.7183517
1.0383072
0.6146009
0.774558
0.88273406
0.7602447
0.9488748
1.022598
0.75004596
0.7570266
0.9782799
0.99856657
0.58144724
1.0502278
0.915848
0.71798027
1.0068178
0.7068258
0.6713592
1.0413371
0.9142497
1.0103639
0.6243666
0.8170148
0.9706859
0.8803121
1.0263633
0.6867441
1.0860311
0.8269485
1.0146286
0.65169525
0.6068428
1.083276
0.8249996
1.007578
0.6298815
1.00321
0.793993
0.90921503
1.0133766
0.7687187
1.0212442
0.9039273
0.98145235
0.53544796
0.9751327
0.71186453
0.92109567
1.0205811
0.574997
0.8497703
0.7940225
0.95776033
1.0147758
0.7202192
1.0447383
0.90922266
0.9994914
0.8040206
0.77546364
1.0478415
0.9764597
0.71959454
1.0881363
0.83725256
1.0014057
0.6678433
1.0833169
0.8175245
1.0002807
0.81364936
1.0418127
0.95806044
0.671368
1.0861305
0.82405865
1.0186467
0.69146544
0.8936435
1.0240476
0.9929112
0.82671994
0.9880274
0.95127773
0.8653646
0.83911735
0.9613041
0.8468834
1.0402822
0.81653976
1.0792762
0.9640982
0.72531885
0.9848985
0.906839
0.9948477
0.83499706
1.1148213
1.0009187
0.8722205
0.76579
0.7769256
0.94750977
1.0300894
0.8361716
1.0158533
0.9475807
0.75241584
0.8648851
0.99995464
1.0006785
0.95675766
0.9607097
0.9286026
0.9951371
0.7142814
0.9652841
0.9231294
0.99993646
0.7588199
0.8773236
0.87070996
0.9829468
0.7304161
0.9709311
0.9186965
0.98956096
1.0329715
1.0048405
0.9721926
0.7199234
0.903009
0.8768771
0.97456896
0.69590396
0.93240386
0.9815481
0.99102336
0.9413323
1.0065321
0.9354471
1.0120227
0.73659647
0.89197963
0.84714276
0.9939725
