0.57233423
0.57685775
0.92266214
0.9983733
0.9588041
0.8984831
0.8982227
0.76152104
0.5468339
0.968258
0.936874
0.8258931
0.8964223
0.8308117
0.8126069
0.8863473
0.7909129
0.8626162
0.59828925
0.5626588
0.94466233
1.0316522
0.84563076
0.8057296
0.8157487
0.82800746
0.55957067
0.93835723
0.96210784
0.78599054
0.8846108
0.81014526
0.99165446
0.85839325
0.83064824
0.9132939
0.63915527
0.67496383
0.7688406
1.087823
0.5517034
0.50716007
0.66783124
0.77768475
0.6436926
1.207591
0.4945582
0.6330551
0.7024505
0.8146518
0.6376175
1.2147553
0.48139757
0.68307805
0.7546415
0.6182878
0.82009536
1.1908029
0.63446283
0.6860198
0.8271029
1.0906059
0.5358554
0.8740532
0.7693839
0.61648333
1.158841
0.58488786
0.5968875
0.8445937
0.73718077
1.1528829
0.5350584
0.7422302
0.82241726
0.7120705
1.18137
0.6379567
0.9132633
0.68677205
1.127002
0.6384805
0.5031493
0.9187928
0.6909842
1.15482
0.535303
0.83009094
0.63788533
0.72443116
1.1512518
0.66826427
0.8331276
0.78006786
1.1109409
0.51393265
0.8062492
0.6146159
0.8214442
1.175676
0.52706015
0.72928274
0.6625153
0.8082703
1.1487255
0.65809625
0.89427155
0.82673883
1.1315501
0.65339977
0.68893456
0.8592692
1.101108
0.7290536
0.9189202
0.7894137
1.1178677
0.6630744
0.90224415
0.7733891
1.1362729
0.7729747
0.8858639
1.0498278
0.6646018
0.91130155
0.75945616
1.1333219
0.65469944
0.8282133
0.87000525
1.1305021
0.75466317
0.90998346
1.0373627
0.74056554
0.71835285
0.8196588
0.7067273
1.1664306
0.80509126
0.9552936
1.107043
0.62569475
0.8152131
0.7893855
1.107691
0.99475473
0.97944975
1.1309496
0.7373535
0.69290423
0.69026977
0.7885349
1.1885148
0.80411136
0.8642011
1.0491985
0.70741343
0.73792857
0.864389
1.1017524
0.7962328
0.82581264
0.81658137
1.1188197
0.58235383
0.8591566
0.8185893
1.1127925
0.62580305
0.7514906
0.720943
1.0877273
0.6107779
0.8452732
0.7982311
1.1017277
0.90668344
0.91473895
1.0840698
0.6344815
0.7422689
0.7394706
1.089533
0.6126359
0.8060642
0.8554164
1.1060648
0.7920287
0.8220704
0.79052675
1.138427
0.624883
0.76208687
0.71679044
1.1042119
