0.52998525
0.52305
0.80652183
0.8931456
0.8177394
0.78130406
0.7855202
0.6907022
0.5104187
0.8626556
0.8366422
0.7286324
0.80924886
0.7194763
0.76165736
0.769644
0.67279303
0.77125806
0.543535
0.51703626
0.8300371
0.91862494
0.79406863
0.7565295
0.7468052
0.7084285
0.46057603
0.8098244
0.8616793
0.69378465
0.78759176
0.73738116
0.8320953
0.7843833
0.770349
0.8027373
0.7245828
0.738402
0.85116035
1.0251497
0.66449153
0.57786584
0.77070844
0.882789
0.73814565
1.1090535
0.5290155
0.7163497
0.8233833
0.9361355
0.68500847
1.1177135
0.55114096
0.7518433
0.8377649
0.73616225
0.8927969
1.1019423
0.7427223
0.69101447
0.92653626
1.0569216
0.543201
0.9939377
0.8641666
0.7048593
1.0802641
0.6478394
0.6293244
0.9787384
0.8488833
1.0771472
0.5532219
0.78561074
0.90042686
0.82966673
1.1038707
0.69134957
1.0155448
0.80969137
1.0779039
0.5944141
0.5708837
1.031499
0.75683117
1.0813456
0.62359256
0.9636418
0.7741664
0.87328213
1.0713899
0.6993169
0.948319
0.8268094
1.0416789
0.5562466
0.95030206
0.70345527
0.8807387
1.0900829
0.594225
0.8098714
0.724045
0.913652
1.0781692
0.6533287
0.98954386
0.89515084
1.055129
0.7432951
0.705399
0.96600014
1.0392274
0.74661267
1.0544444
0.84362084
1.0562642
0.6302273
1.024406
0.76660687
1.066793
0.7698011
0.972755
0.99765956
0.7175733
1.0379864
0.85105664
1.0779647
0.6338933
0.8504633
0.989749
1.061315
0.77980906
0.93026143
0.99072325
0.8273608
0.8100816
0.8967796
0.8020411
1.1026603
0.81567115
1.0502418
1.0207543
0.66933435
0.9400818
0.84157187
1.0394051
0.9410146
1.0573467
1.0616406
0.822943
0.7551488
0.7917619
0.90361893
1.1022344
0.81291014
0.9646815
0.9993721
0.70306927
0.81268996
0.9434427
1.0552312
0.9032231
0.882808
0.8765412
1.0535442
0.67472416
0.9436352
0.8825774
1.0606744
0.6803107
0.850666
0.8234988
1.0372294
0.6576446
0.9024384
0.8856224
1.0482914
0.97440255
0.9526899
1.0216025
0.69492126
0.83874804
0.8473708
1.0336378
0.68497133
0.8768853
0.93701106
1.0543424
0.8930003
0.93608177
0.9039976
1.0663364
0.6933419
0.81860393
0.8304818
1.0403148
