0.5469484
0.5645871
0.8538466
0.9183473
0.9267964
0.8253423
0.82673347
0.68787485
0.5133296
0.84295946
0.8801
0.733134
0.75828594
0.7549405
0.7278315
0.7660595
0.64776355
0.7979395
0.5449335
0.513263
0.8732215
0.91656625
0.76797265
0.73033744
0.7806163
0.75029415
0.4521172
0.81317157
0.8159083
0.6239992
0.79569304
0.7122027
0.91603404
0.7428094
0.73542464
0.7916573
0.65081936
0.6544612
0.74830747
1.1519872
0.55928266
0.518855
0.656022
0.7482466
0.6353077
1.2461509
0.50259906
0.6108123
0.69798785
0.7987246
0.6020015
1.2656091
0.49562207
0.6371671
0.67826277
0.6139831
0.78746235
1.2284763
0.6399645
0.70487714
0.8015134
1.1554239
0.52586854
0.82521373
0.7406291
0.6289773
1.1737443
0.62823784
0.63954574
0.81610656
0.74302995
1.205298
0.56065387
0.6848201
0.7889045
0.70854515
1.251128
0.6094074
0.8690286
0.6940714
1.1904184
0.58646023
0.61143225
0.8369411
0.60893285
1.1709378
0.5788717
0.800014
0.64539856
0.71063644
1.1829518
0.6443895
0.826254
0.73737824
1.1638118
0.5142829
0.80838907
0.6462683
0.7671643
1.2252462
0.54681474
0.7195159
0.673608
0.77198774
1.1950614
0.6251564
0.8468515
0.7768801
1.1645219
0.65764153
0.6064517
0.8340477
1.1718339
0.71633655
0.8892108
0.7177145
1.180327
0.6367531
0.85888964
0.73746336
1.148809
0.70959985
0.8427252
1.1169046
0.6609675
0.88040537
0.72043025
1.1724708
0.6210699
0.7722039
0.8271208
1.2069494
0.7371267
0.8209261
1.1124264
0.69905734
0.71081007
0.8023634
0.69699836
1.2164423
0.75311726
0.9174818
1.1553938
0.63687074
0.76378685
0.76903623
1.164596
0.75060993
0.9456329
1.1658782
0.6971578
0.68591374
0.6761467
0.7979176
1.2504699
0.76718646
0.8373658
1.1104685
0.72986305
0.74249697
0.83929354
1.1548578
0.7883675
0.80913264
0.74539554
1.1811697
0.63702136
0.8330259
0.7590893
1.1696017
0.62813
0.6904391
0.699701
1.1701871
0.63425934
0.80916166
0.775519
1.1798381
0.898609
0.82677335
1.1517617
0.59712636
0.7034277
0.72572327
1.1704353
0.60238576
0.7837171
0.811235
1.1824944
0.76600546
0.83750504
0.77191824
1.1887168
0.6289259
0.7117713
0.68608105
1.176352
