0.46596253
0.43751368
0.7555197
0.7815817
0.8424527
0.7664463
0.77354854
0.6349065
0.37609676
0.711861
0.8250163
0.5951788
0.7627155
0.62354577
0.77336866
0.69194293
0.5193554
0.5916465
0.45444173
0.50259274
0.663792
0.89924014
0.81101745
0.78209996
0.7478692
0.66482836
0.35171166
0.6940462
0.74475557
0.5399568
0.69391155
0.5195351
0.72910845
0.6758965
0.6689029
0.6123083
0.9939119
0.94052416
1.1929426
0.8943031
0.83123213
0.77325904
0.8863027
1.1219746
0.9251525
0.90093446
0.6440857
0.76135015
0.98255277
1.142807
0.84033835
0.91756636
0.6971599
0.85264117
1.0492855
0.92075855
1.1251009
0.87941945
1.0061321
1.03125
1.2343887
0.9340795
0.6146048
1.2276237
1.0066642
0.77199805
0.90022415
0.955152
0.97710806
1.2321812
1.170997
0.9546786
0.79883206
1.0165396
1.192091
1.070792
0.89779234
0.43390238
1.2691895
0.50259614
0.80970734
0.6746516
0.6666485
1.2406703
0.59684384
0.9097844
0.7727131
1.2411294
0.98967105
1.0768614
0.9374808
0.9595921
1.2045511
1.1496267
0.9025556
0.66516656
1.1906731
0.91115457
1.0734774
0.90978426
0.71915215
0.9730771
0.9730243
1.1425393
0.9119524
0.8727412
1.245535
1.1984816
0.9726206
1.1172882
1.1325858
1.2715877
0.9213872
0.672632
1.2909782
0.7468537
0.9125912
0.7300678
1.2234758
0.8378444
0.9243828
1.0739585
1.2530462
0.9032454
0.45024732
1.2850678
0.44426212
0.82068545
0.9464372
1.1539673
1.2459201
0.9562743
1.0748816
1.2439066
0.902002
1.0209436
1.009695
1.1024793
0.9413567
0.89303607
0.8806646
1.2923969
0.9303735
0.9541221
1.2052423
1.1838363
0.9315898
0.79033
1.3005153
1.0255114
0.913158
0.9163371
0.82695025
1.0409335
0.94342464
1.1086155
1.2621886
0.89588267
0.96873844
1.1169204
1.1945146
0.93223304
1.1365262
1.2277998
1.1157458
0.8860867
0.89441556
1.2045789
1.1859659
0.9130271
0.8573868
1.0139247
1.0330948
0.90353525
0.99841756
1.1808887
1.2139509
0.91034096
1.2281525
1.0971327
0.84936696
0.86089057
1.0582718
1.0888774
0.8950197
0.9488836
1.2238649
1.1976887
0.9032507
1.1683992
1.1946216
1.2113148
0.9009224
0.8386846
0.986889
1.0280582
0.9101154
