0.40995666
0.39994454
0.66074085
0.7649107
0.71533054
0.6675664
0.68910927
0.5415011
0.38136324
0.7258893
0.740248
0.58189964
0.69179934
0.59946805
0.6838322
0.64503694
0.51183546
0.59444857
0.4027964
0.38924092
0.72379416
0.79434425
0.7105034
0.65349203
0.6335234
0.59569776
0.35473913
0.672434
0.7495313
0.5887354
0.6817114
0.5581204
0.6985145
0.6675288
0.6772965
0.63524127
0.86129206
0.83581334
0.9680232
0.94897866
0.72751796
0.690648
0.85477394
0.99257165
0.8379999
0.97172636
0.6158418
0.74774516
0.88970953
1.034176
0.7673282
0.9685657
0.65893394
0.82036376
0.98567855
0.82980263
1.0387454
0.9572346
0.8384173
0.86536884
1.052524
0.94446677
0.7377772
1.1575177
1.0278435
0.836444
0.9417234
0.79358476
0.737963
1.1133047
1.0124267
0.9720103
0.65565765
0.8648935
1.0287122
0.9282787
0.96835065
0.7915131
1.1745139
0.838348
0.99738544
0.70773673
0.612388
1.1746002
0.8043819
0.96617407
0.8388527
1.1329298
0.89757353
1.0070297
0.9620673
0.92434716
1.0976951
0.98135984
0.94122875
0.6569284
1.0856011
0.8034915
0.991961
0.9446411
0.70721847
0.97147346
0.86083937
1.0418953
0.94867784
0.79414827
1.1541944
1.01505
0.9634262
0.8781344
0.8003469
1.1247624
0.9480141
0.8762426
1.1776237
0.96156156
1.0328699
0.75052506
1.1873091
0.8503659
0.9598307
0.90284014
1.1164033
0.92850935
0.7958889
1.1739243
0.8569161
1.0017185
0.6853496
0.9416611
1.130323
0.9388215
0.8920809
1.057128
0.93774736
0.9531475
0.9562337
1.0646358
0.943165
0.9550777
0.96765
1.1765461
0.9564747
0.7797156
1.0506222
0.97889644
0.9537087
0.8204638
1.2063576
1.0356256
0.89932114
0.8408964
0.8234045
1.042472
0.9755998
0.9175465
1.0799489
0.92056656
0.87573063
0.9896875
1.0850724
0.9358778
1.0754445
1.0820841
1.043059
0.9377153
0.81180716
1.0747885
1.0505465
0.9411462
0.8245877
0.9389789
0.941364
0.95262176
0.8056377
1.0570762
1.0042667
0.9482189
1.1332299
1.0838727
0.9294261
0.8068331
0.9868883
0.96063405
0.9427568
0.8331747
1.0538224
1.0775309
0.94256055
1.0439739
1.1020415
1.0462987
0.94551027
0.82310516
0.94985414
0.93614
0.95859915
