0.51665413
0.5165519
0.5188664
0.5190065
0.5189345
0.5188857
0.51877993
0.5184973
0.51664406
0.5189998
0.5189983
0.5186854
0.5188881
0.51875955
0.5189681
0.5188545
0.51851684
0.5189493
0.51667446
0.5168708
0.51897955
0.5190075
0.51897806
0.5187272
0.51896375
0.51882505
0.5165717
0.5188492
0.51900727
0.5186163
0.5188772
0.51876104
0.5190908
0.5188741
0.5187567
0.5188297
0.5101325
0.51014775
0.5168466
0.5193416
0.510362
0.5092124
0.517596
0.5178381
0.5172253
0.5194705
0.50946724
0.51727456
0.5178655
0.51786166
0.5171616
0.51949674
0.50920415
0.5175097
0.5177515
0.51681644
0.5178805
0.51949745
0.5094469
0.5084587
0.5183371
0.5194996
0.5091786
0.5180812
0.5174876
0.5170904
0.51953185
0.50946945
0.5092135
0.517887
0.51745504
0.5194828
0.5094004
0.51779497
0.51764476
0.517971
0.51949674
0.5087759
0.5182987
0.516988
0.519505
0.50915277
0.5091486
0.51801646
0.51798475
0.5195298
0.5089391
0.5180928
0.5168771
0.5178891
0.51950103
0.51004714
0.5173844
0.5172073
0.5194368
0.5092903
0.517521
0.51687485
0.5180629
0.51951885
0.50917053
0.51764625
0.51710564
0.51821065
0.51950514
0.5092314
0.51812255
0.51792
0.51949793
0.5093807
0.50959486
0.5175146
0.51942176
0.5091895
0.5181664
0.5167715
0.51950085
0.5093746
0.5179854
0.51794285
0.5195038
0.509224
0.51829493
0.519459
0.5093023
0.5181922
0.5176014
0.5195118
0.509273
0.5182475
0.5176396
0.5195071
0.5097016
0.5176626
0.51938206
0.5183063
0.51778036
0.5182815
0.51798636
0.519559
0.5101604
0.5179941
0.5194655
0.50920445
0.5183218
0.51760805
0.5194901
0.50958323
0.5183298
0.51951396
0.51818246
0.51753324
0.5177756
0.5178822
0.5195401
0.5095842
0.51792264
0.5194376
0.50994223
0.51734316
0.51804805
0.5195246
0.51811904
0.5176481
0.517605
0.5194951
0.5097382
0.518219
0.5180196
0.5195207
0.5094585
0.517671
0.51702803
0.5194147
0.5094138
0.51812285
0.51764494
0.5194898
0.5174002
0.5180063
0.51945853
0.51001847
0.51779383
0.5173015
0.51940787
0.50985163
0.5177395
0.5182901
0.51951593
0.5181378
0.5175341
0.51786155
0.51951534
0.50949043
0.51757324
0.5168651
0.5194148
