0.51604784
0.5159748
0.51877666
0.5189043
0.51878655
0.51872045
0.51859784
0.5182466
0.5162236
0.51890033
0.51888293
0.5184293
0.51878893
0.51860696
0.5188299
0.5186962
0.5183078
0.5188839
0.5164349
0.51588047
0.51890427
0.51888216
0.5188242
0.518637
0.51887906
0.51864314
0.5156291
0.51878333
0.5188865
0.5184366
0.5187426
0.51858246
0.51892173
0.5187056
0.51858276
0.51861656
0.5104774
0.50958335
0.5172091
0.5193072
0.51046157
0.5093127
0.5178248
0.5178285
0.5172697
0.51943684
0.51039475
0.51766455
0.5180564
0.5179696
0.5173217
0.5194902
0.50938815
0.5177244
0.5178719
0.5173047
0.5181745
0.5194632
0.510499
0.5093895
0.51832336
0.51951677
0.5092707
0.51823527
0.51782244
0.51740354
0.5195129
0.510224
0.5094087
0.51810336
0.51787674
0.5194876
0.51021355
0.51798767
0.5179907
0.5181529
0.5195044
0.50861543
0.51829207
0.5173927
0.5195128
0.51026964
0.50892353
0.5183216
0.5181806
0.5195155
0.50908524
0.51820916
0.5173698
0.5179354
0.5194947
0.51057327
0.5178541
0.51726764
0.51942706
0.5092718
0.5178903
0.51716137
0.5183768
0.5195324
0.5089678
0.5176567
0.51711774
0.51829255
0.5195185
0.5101917
0.51813823
0.51782364
0.5194919
0.51055366
0.5092994
0.51775825
0.5194272
0.5095662
0.518466
0.51723087
0.5195201
0.51028687
0.5182728
0.51801777
0.5195208
0.5095026
0.5183523
0.5194583
0.51029164
0.5185209
0.51762676
0.5195198
0.5088787
0.5183513
0.5180468
0.51949656
0.5105869
0.51770186
0.5193691
0.51819485
0.517899
0.51829606
0.5181045
0.5195513
0.5105658
0.51819324
0.51946235
0.50903094
0.5183367
0.51767987
0.5194831
0.51055604
0.5184177
0.5194906
0.51827395
0.5177697
0.51783246
0.5180436
0.51951736
0.50895524
0.51800585
0.5194078
0.5107979
0.51763487
0.5183634
0.51950043
0.518313
0.51802605
0.51776046
0.5194922
0.5104362
0.5183311
0.5180984
0.51952475
0.50902635
0.51795405
0.5173143
0.5193975
0.5104158
0.51827127
0.5179767
0.51948184
0.51785195
0.51812
0.51945454
0.5091372
0.5177223
0.5172531
0.51938593
0.5104655
0.51782554
0.5183745
0.5195192
0.5183236
0.51784754
0.5179584
0.5195117
0.50924736
0.51773715
0.51734
0.51940787
