0.48001105
0.48000893
0.48000467
0.48000455
0.48000348
0.48000267
0.48000166
0.47999957
0.48001012
0.48000544
0.48000103
0.48000315
0.48000228
0.4799978
0.48000735
0.4800037
0.47999924
0.47999877
0.4800121
0.48000744
0.48000556
0.4800038
0.48000577
0.4800046
0.48000088
0.48000318
0.4800079
0.48000532
0.48000285
0.48000416
0.4800047
0.47999778
0.48000777
0.48000306
0.48000082
0.4800056
0.48000965
0.48000726
0.4799991
0.4800061
0.48000795
0.48000202
0.48000005
0.47999838
0.47999558
0.48000193
0.48000783
0.48000076
0.47999692
0.48000056
0.47999537
0.4800068
0.4800058
0.47999915
0.4799977
0.47999936
0.48000118
0.4799989
0.48001075
0.4800102
0.48000038
0.4800092
0.48000658
0.48000464
0.48000112
0.47999704
0.4800055
0.48000944
0.48000595
0.48000166
0.4799938
0.48000064
0.48001033
0.48000106
0.4800068
0.48000646
0.4799998
0.48000884
0.48000136
0.4799975
0.48000407
0.4800103
0.4800069
0.4800036
0.4800017
0.4800006
0.48000747
0.47999987
0.4799975
0.47999898
0.48000413
0.48001096
0.4800036
0.48000187
0.48000494
0.48000365
0.48000127
0.4799946
0.47999638
0.47999394
0.4800082
0.4800047
0.480002
0.4800018
0.48000562
0.4800069
0.47999972
0.47999397
0.48000738
0.48000824
0.48000848
0.48000252
0.48000363
0.48000726
0.48000208
0.4799964
0.48001096
0.48000857
0.48000363
0.4800008
0.48
0.48000938
0.48000216
0.48000845
0.48000842
0.47999787
0.4799964
0.48000604
0.48001114
0.48000228
0.4799996
0.48000467
0.48001033
0.4800036
0.48000723
0.47999686
0.47999662
0.47999588
0.48000255
0.48000777
0.4800125
0.48000893
0.47999972
0.4800082
0.48000112
0.480003
0.48000148
0.48001206
0.47999915
0.480005
0.48000112
0.4800002
0.47999525
0.47999844
0.48000503
0.48000723
0.4800002
0.48000562
0.4800105
0.48000547
0.48000363
0.4800053
0.4800055
0.48000097
0.480002
0.4800043
0.48001254
0.4800002
0.4800048
0.4799998
0.48000917
0.48000535
0.4800037
0.48000935
0.48001102
0.4800019
0.48000127
0.4800032
0.48000214
0.4800011
0.4800024
0.4800051
0.48000205
0.4800003
0.4800052
0.4800053
0.47999552
0.47999924
0.48000708
0.48000303
0.48000473
0.48000392
0.4800027
0.4800105
0.48000416
0.48000228
0.48000482
