0.5663651
0.5313357
0.7413492
0.81349367
0.776606
0.76345176
0.7375943
0.66377187
0.5191284
0.71060544
0.7879346
0.6442329
0.6985489
0.6608191
0.6792245
0.6460796
0.65553355
0.5927698
0.5345551
0.5082344
0.6930268
0.7780296
0.68370414
0.6191029
0.6502366
0.66581666
0.46952888
0.69472814
0.7729045
0.57992065
0.6567159
0.63755816
0.7545291
0.6366499
0.651505
0.689958
0.73751
0.73399276
0.84135145
1.030801
0.5719444
0.5374545
0.62666166
0.71006143
0.62660956
1.0474819
0.47311807
0.4836994
0.5629052
0.7328787
0.53042644
1.0300568
0.52665365
0.5545801
0.63984114
0.6114742
0.6931607
1.0244331
0.67945653
0.6257158
0.8872687
1.0074157
0.40755802
0.75141406
0.56985795
0.46585456
0.9338917
0.5314462
0.51877016
0.7553126
0.65688705
0.94515246
0.41167557
0.5803922
0.70955294
0.5645475
0.95240885
0.43836674
0.8977488
0.55407405
0.97027904
0.6618412
0.6423656
0.7464952
0.3602276
1.0925982
0.5259351
0.7607409
0.5892944
0.6482239
0.93165165
0.6515456
0.85667807
0.72302336
0.9649341
0.4386113
0.7366202
0.51547474
0.59514165
0.9744408
0.5569705
0.65858597
0.64657766
0.78712296
1.017198
0.5466455
0.79114336
0.716852
0.89295095
0.66886693
0.6672467
0.9046062
0.9693995
0.5039236
0.9084724
0.56214213
0.85071415
0.63039494
0.793612
0.40379828
1.1068202
0.7538183
0.9651807
0.984752
0.5141261
0.8863865
0.5205535
0.9553994
0.5467262
0.51219386
0.78559625
1.0273838
0.80157346
0.95521533
1.0172315
0.5692693
0.5592828
0.6237105
0.6137063
0.9154533
0.62152743
1.0106801
0.9753441
0.67140144
0.84185237
0.7330859
0.97296816
0.5392531
1.0349977
0.9654594
0.44148806
0.55070364
0.6004094
0.651366
1.0256808
0.7894213
0.95659333
0.99562883
0.6632088
0.7033944
0.8374766
0.9861163
0.6837558
0.6947873
0.6918658
0.90729594
0.61580247
0.80893886
0.75966686
0.96331227
0.67775947
0.79243267
0.78930235
1.0155841
0.60620916
0.7585517
0.79175836
0.95791274
0.8941061
0.8015444
0.9302399
0.6921291
0.7941204
0.8132332
1.0220125
0.5779904
0.74426585
0.75608736
0.9608933
0.7070572
0.72547126
0.7039493
0.89509434
0.67612886
0.78893876
0.7845847
1.0222001
