0.48000425
0.4800035
0.4799978
0.48000488
0.48000818
0.48000208
0.48000327
0.48000032
0.48000348
0.48000523
0.4800009
0.4800003
0.48000714
0.4800036
0.48000115
0.47999984
0.48000205
0.48000416
0.48000482
0.48000115
0.48000473
0.48000067
0.48000175
0.48000342
0.48000285
0.4800014
0.48000053
0.47999644
0.47999796
0.48000032
0.48000607
0.4800038
0.48000005
0.47999972
0.4800054
0.48000056
0.4800034
0.48000258
0.48000416
0.4800048
0.48000285
0.4800053
0.48000228
0.48000884
0.48000574
0.4799942
0.4800049
0.48000622
0.48000404
0.4800069
0.48000428
0.4799994
0.47999474
0.4799974
0.47999835
0.47999477
0.47999474
0.48000318
0.48000515
0.48000094
0.48000258
0.48000076
0.47999474
0.479998
0.47999877
0.4799979
0.480006
0.48000267
0.47999945
0.48001125
0.4800032
0.48000515
0.48000532
0.48000687
0.47999436
0.4800029
0.48000032
0.4799983
0.48000342
0.47999528
0.48000455
0.48000368
0.48000383
0.48000127
0.48000437
0.48000598
0.480002
0.48001084
0.48000655
0.4800033
0.4800069
0.48000172
0.480006
0.48000515
0.48000136
0.47999918
0.48000208
0.4799968
0.4800041
0.47999898
0.47999692
0.47999954
0.48000118
0.48000062
0.48000586
0.48000178
0.4800078
0.47999838
0.48000088
0.48000106
0.48000157
0.48000184
0.48000306
0.47999805
0.47999945
0.48000282
0.4799927
0.4800056
0.4800036
0.48000285
0.48000208
0.47999975
0.47999766
0.48
0.47999695
0.48000148
0.4799967
0.4799992
0.47999936
0.4800004
0.47999996
0.47999987
0.4799993
0.48000062
0.48000094
0.47999823
0.480004
0.4799985
0.47999936
0.48000386
0.48000112
0.48001632
0.48000595
0.48000023
0.47999975
0.48000595
0.4799954
0.47999537
0.4799989
0.4800092
0.47999963
0.48000085
0.47999936
0.47999734
0.48000333
0.48000288
0.4800011
0.48000625
0.47999918
0.47999716
0.48000264
0.48000684
0.4799993
0.48000666
0.48000035
0.48000666
0.48000538
0.47999996
0.47999635
0.48000035
0.47999865
0.4800034
0.480003
0.48000586
0.4800029
0.47999838
0.4800038
0.480004
0.48000127
0.48000485
0.4799974
0.4800012
0.48000008
0.48000047
0.4800026
0.48000163
0.47999996
0.4799965
0.48000696
0.4800009
0.48000184
0.48000583
0.47999963
0.4799987
0.4799954
0.47999346
0.47999522
