0.5166485
0.514487
0.51899177
0.5190004
0.5189428
0.51891893
0.518807
0.51862
0.51546085
0.51897556
0.51902705
0.5186974
0.51889837
0.51888186
0.51888525
0.5188159
0.5185425
0.5190353
0.51604533
0.51498824
0.5189592
0.51899457
0.51886916
0.5187521
0.51904255
0.51886666
0.5146908
0.51892823
0.5189835
0.5187019
0.5189393
0.51883113
0.51907116
0.5188032
0.51871926
0.51887596
0.5072274
0.5065423
0.51581675
0.519329
0.50698185
0.5053152
0.5166999
0.51696163
0.5157103
0.5194489
0.50649107
0.5159609
0.51664525
0.51617193
0.51566166
0.51947767
0.5059771
0.5167233
0.51669884
0.51572365
0.5170161
0.5194759
0.5064174
0.50657094
0.51787335
0.5194767
0.5049337
0.5173789
0.515949
0.51523966
0.5194675
0.5067101
0.50546014
0.5168336
0.5163586
0.5194518
0.5062229
0.5170044
0.5165609
0.51709753
0.5194558
0.50511163
0.51762617
0.51544976
0.51945055
0.5060371
0.50560045
0.5170678
0.5163149
0.5194638
0.5059252
0.51675135
0.51518637
0.51695687
0.5194591
0.5077215
0.51606935
0.5158555
0.51938796
0.50615966
0.5157477
0.5151834
0.51728976
0.5194805
0.50602293
0.5167311
0.51496273
0.5175982
0.5194979
0.5062042
0.516856
0.51682997
0.51944387
0.5073819
0.50645596
0.51616275
0.5193731
0.50571954
0.51751006
0.515418
0.5194633
0.50593084
0.51670593
0.5165474
0.5194698
0.5061713
0.51763
0.51941687
0.5064275
0.5172797
0.51620173
0.51945543
0.5054684
0.5175278
0.5166249
0.519464
0.50699955
0.51651984
0.51938784
0.51770735
0.5170001
0.5176404
0.5171547
0.519523
0.5067153
0.516849
0.5194061
0.5064553
0.5177266
0.5168479
0.5194652
0.50569904
0.517794
0.5194583
0.5175699
0.51633847
0.5167497
0.5164762
0.51950675
0.50585747
0.5173258
0.51940286
0.5069932
0.51573163
0.51741195
0.51949036
0.51764864
0.516775
0.51604456
0.5194775
0.50648856
0.5174952
0.5170322
0.51949203
0.50724334
0.5168213
0.5156846
0.5194083
0.50642276
0.51741743
0.51688945
0.5194657
0.51605177
0.5171329
0.5194264
0.50641537
0.5167239
0.5155069
0.51939356
0.5072537
0.5168931
0.51775855
0.5194919
0.5172329
0.5160635
0.5173026
0.51947993
0.5065802
0.5166909
0.5156821
0.51941013
