0.58915627
0.5311843
0.74363345
0.8189353
0.778328
0.7678387
0.74528074
0.6679646
0.5288282
0.7141089
0.78194433
0.676751
0.69790155
0.67925674
0.7044165
0.6751239
0.6348362
0.6243492
0.52631676
0.5350586
0.7336486
0.76978594
0.6731643
0.66083825
0.6481936
0.6683979
0.45273018
0.7081257
0.75262207
0.62453145
0.66720015
0.6542395
0.7738284
0.6592061
0.67450917
0.6859335
0.73749155
0.7371059
0.8524093
1.0234103
0.57977766
0.5568338
0.64994365
0.71906704
0.603943
1.0462383
0.48170647
0.49013767
0.56459194
0.7179983
0.51578945
1.0105659
0.53099614
0.5654628
0.63149387
0.6161177
0.70245963
1.0233734
0.68240017
0.6187385
0.88458043
1.0009203
0.41083145
0.75136703
0.55865175
0.4646918
0.91804355
0.54048514
0.50962687
0.761801
0.6639233
0.93816155
0.42536917
0.579022
0.6951135
0.5736917
0.92884374
0.44974744
0.888673
0.5594127
0.9849735
0.6662946
0.6509478
0.75281125
0.35233855
1.0936052
0.5375117
0.75414073
0.6085253
0.6617447
0.9220008
0.6496595
0.85952204
0.733011
0.9633997
0.43007973
0.7312447
0.5215266
0.5926585
0.9666557
0.56471676
0.65821236
0.6488293
0.7748665
1.0191385
0.54452616
0.78403705
0.7266479
0.8801711
0.6815956
0.680929
0.9013222
0.9725244
0.5142824
0.8972231
0.56473076
0.85658425
0.63210076
0.8019859
0.39579126
1.1096011
0.7382138
0.9786164
0.9904511
0.5124184
0.8865677
0.5181654
0.95771706
0.5532242
0.5185294
0.7972635
1.0197772
0.81162965
0.95032805
1.0074228
0.5807595
0.56225955
0.62694603
0.5944842
0.90908664
0.61410546
1.0167818
0.97100013
0.67756027
0.8498202
0.74857074
0.9755211
0.5325781
1.021928
0.97067887
0.4485836
0.55616164
0.61289334
0.66066176
1.0152558
0.79026085
0.9617501
0.9905111
0.6548265
0.6899163
0.83244914
0.99060285
0.68217134
0.6883039
0.6879385
0.8949373
0.6313777
0.8058833
0.7520894
0.9581273
0.68526775
0.79076165
0.7941538
1.0109397
0.5969092
0.75465024
0.7837825
0.94887006
0.8893204
0.80172443
0.9333486
0.68562007
0.78265846
0.7997771
1.023806
0.5758003
0.7372581
0.75711274
0.9535277
0.70321465
0.7384876
0.6919517
0.8855896
0.6898097
0.803721
0.7802921
1.027744
