0.5167235
0.5158634
0.51886076
0.5188898
0.51881665
0.51878715
0.51867664
0.51856136
0.51606023
0.51891625
0.5189624
0.51869196
0.5188027
0.5187357
0.5188301
0.51875
0.5185293
0.5189527
0.51639456
0.51514584
0.5189597
0.5189462
0.5188442
0.51872325
0.518961
0.51872694
0.51581526
0.51886284
0.5189514
0.51870567
0.51882255
0.51872534
0.51895887
0.5187121
0.51866704
0.51871854
0.5072827
0.506456
0.5163268
0.5193014
0.5070246
0.5065183
0.5169724
0.51721907
0.5161939
0.5194344
0.5064701
0.5165729
0.51716053
0.5168263
0.5160248
0.51946586
0.5060859
0.51715004
0.5173017
0.51593786
0.5175883
0.51947397
0.5077637
0.506164
0.5179466
0.5194647
0.5056783
0.517414
0.51634115
0.51626307
0.51946783
0.50716895
0.50696456
0.5173745
0.51700485
0.5194361
0.5060439
0.5172464
0.5169104
0.51750356
0.5194654
0.5062042
0.51760864
0.516097
0.5194458
0.50568455
0.50558275
0.5172539
0.51752543
0.51947314
0.5060345
0.5172183
0.51592135
0.51752365
0.5194615
0.50627923
0.5166741
0.5160476
0.51937544
0.5063527
0.5164328
0.51599896
0.51753694
0.519487
0.5068456
0.5170459
0.51612115
0.5176337
0.5194982
0.50708
0.51747173
0.51721764
0.51946115
0.50608534
0.5064259
0.51652235
0.5193616
0.5064798
0.51785296
0.51590854
0.5194578
0.5071386
0.5171937
0.5173301
0.51946926
0.5058489
0.51768535
0.51942813
0.50580436
0.5176104
0.5174376
0.51944613
0.5068266
0.51785743
0.5169192
0.5194583
0.50745094
0.5170861
0.51937
0.51776785
0.5174867
0.5178303
0.5175411
0.51951265
0.5065517
0.5171997
0.5193922
0.50635904
0.5177933
0.51703185
0.5194352
0.507886
0.517927
0.51945657
0.5177982
0.51704216
0.5173184
0.517152
0.51948386
0.5064579
0.5173981
0.51938915
0.5078195
0.51677316
0.51782054
0.5194802
0.5179108
0.51743746
0.51659787
0.5194687
0.50728905
0.517753
0.51745355
0.519483
0.5062645
0.5168334
0.51646805
0.5193904
0.5057235
0.5179054
0.51722467
0.51945186
0.51641643
0.51755005
0.5194381
0.5060919
0.51705295
0.5164225
0.51938677
0.5070573
0.51762205
0.5177279
0.5194787
0.5178135
0.5167605
0.51759344
0.51947427
0.506483
0.5171066
0.5162656
0.5193895
