0.5834535
0.5678585
0.74832755
0.8187294
0.794815
0.7806046
0.75703764
0.66860914
0.53549385
0.7181665
0.7998987
0.6897347
0.7342083
0.68437165
0.67166936
0.68208855
0.64323866
0.6511314
0.5665786
0.54344296
0.7156495
0.79714316
0.70336527
0.6470598
0.64859957
0.66692555
0.47487825
0.7065774
0.7736214
0.62790644
0.67691946
0.64323175
0.74913496
0.6502014
0.6932123
0.69362557
0.7579982
0.75625277
0.8713169
1.0539999
0.5944224
0.58508015
0.6644831
0.75988024
0.64118594
1.0678266
0.49168718
0.48975298
0.5814725
0.74675405
0.54055864
1.0279583
0.56263477
0.57245785
0.6798358
0.6370638
0.7206249
1.0361289
0.71196556
0.6470355
0.92671543
1.0239606
0.4317909
0.79815835
0.59131855
0.4874627
0.9360384
0.5669154
0.5469324
0.80358595
0.6931469
0.952545
0.4457145
0.6126586
0.738063
0.60577565
0.9373783
0.46967596
0.928739
0.57995707
1.0049913
0.6780897
0.6590217
0.79169184
0.38447082
1.1046635
0.5715128
0.796046
0.62701786
0.68325216
0.94477385
0.66993964
0.87934977
0.75546384
0.97659606
0.46602368
0.76711255
0.5372798
0.6280664
0.9795058
0.58261144
0.7021291
0.6739295
0.79801995
1.0330057
0.6114072
0.8182162
0.7472609
0.9084298
0.70971453
0.7034413
0.93771243
0.98535043
0.5343637
0.93717796
0.57747173
0.8641985
0.6549516
0.82951564
0.44065347
1.1101002
0.77612567
1.0022719
1.0116184
0.51936156
0.9213501
0.5360641
0.9640228
0.57276976
0.53804886
0.8267984
1.034749
0.8527823
0.97080296
1.0210029
0.5959397
0.6038771
0.65389514
0.64848447
0.9262448
0.6420368
1.0394518
0.9774151
0.70398104
0.8710712
0.77249914
0.9937915
0.5594807
1.0563352
0.9778574
0.49218503
0.585061
0.6293876
0.7012827
1.020332
0.8305218
0.985367
1.0152807
0.6929961
0.7132382
0.8650921
0.99666035
0.7014581
0.7117968
0.71272033
0.91829896
0.64581007
0.8464381
0.7922048
0.9743914
0.70036536
0.82968414
0.819722
1.0406743
0.62689126
0.7839331
0.81855255
0.9658251
0.92805815
0.83739054
0.94443387
0.70520705
0.8210572
0.83892155
1.0420325
0.60941565
0.77045697
0.78121376
0.97365355
0.7267061
0.76553893
0.7255806
0.9043559
0.7162476
0.8276911
0.8061168
1.0432618
