0.5560742
0.52822936
0.7430049
0.8092921
0.7908681
0.7359848
0.73305434
0.65964097
0.5032949
0.71884716
0.76896375
0.67104125
0.69742566
0.6626481
0.6707653
0.651975
0.63020366
0.6046257
0.5291172
0.49835595
0.6900216
0.7636329
0.68053025
0.6435948
0.64961785
0.64616007
0.42914134
0.6925931
0.755352
0.58599275
0.64623374
0.63433987
0.7436284
0.63480073
0.67252374
0.67079186
0.7399145
0.7316294
0.85839707
1.0169996
0.574787
0.5618864
0.6636149
0.71298933
0.6286113
1.0389061
0.4827446
0.45782351
0.55598694
0.7324764
0.52291614
1.0131923
0.53005666
0.555459
0.6480365
0.5915303
0.6933411
1.0131944
0.68773615
0.6244193
0.89525473
1.0028338
0.4115993
0.7638321
0.5701583
0.46851742
0.9105929
0.54121375
0.52492017
0.76802
0.66229475
0.93851024
0.41425362
0.5745068
0.7005781
0.5756898
0.9424012
0.4417681
0.89303803
0.5538765
0.96122307
0.65533906
0.64572024
0.7432973
0.35974586
1.0774945
0.5280961
0.7551094
0.6045475
0.6408756
0.9197938
0.6469969
0.8559008
0.7303949
0.95892215
0.4506243
0.73487246
0.51916796
0.5957115
0.974495
0.5509421
0.65774333
0.65273035
0.7653711
1.0115889
0.54770374
0.7729205
0.7172078
0.8958218
0.6788342
0.6731311
0.90943336
0.9701311
0.51439077
0.9077749
0.56839556
0.8507865
0.64188296
0.7976209
0.41674715
1.0929046
0.7512787
0.97131413
0.9870295
0.5008408
0.8987106
0.50760955
0.9387999
0.5533867
0.5116008
0.7967227
1.0188204
0.8125521
0.95102435
0.99770105
0.5838837
0.5625699
0.62723666
0.61404335
0.9125625
0.6162021
1.0159043
0.97506505
0.6811772
0.84909
0.74583894
0.97310835
0.53779507
1.0276097
0.95753
0.45441303
0.5568139
0.6023704
0.6574418
1.0179076
0.8008316
0.9641435
0.99408954
0.67642206
0.696737
0.8464652
0.97409374
0.6739289
0.6910296
0.68131435
0.89933395
0.62862694
0.8001763
0.7610267
0.96305734
0.6836404
0.7858591
0.7924703
1.0142667
0.6029019
0.7593746
0.78947365
0.94557184
0.8930737
0.8077179
0.92870384
0.692753
0.78680736
0.8062963
1.021775
0.5918528
0.73893785
0.7571848
0.9514006
0.7030106
0.73677766
0.6954748
0.88567567
0.6949745
0.7998331
0.7825086
1.0135139
