0.57272583
0.52821064
0.72397697
0.79548085
0.7443615
0.7403483
0.73023295
0.64124274
0.5050552
0.7087485
0.7709727
0.67288345
0.7129821
0.6804105
0.6547667
0.6683462
0.6361556
0.6264863
0.53372264
0.51510495
0.68999815
0.7558025
0.67160344
0.6069688
0.649587
0.6413603
0.4857138
0.7014687
0.7458705
0.6284294
0.6618271
0.64041483
0.71642005
0.6280864
0.6744689
0.69193625
0.7470894
0.73864347
0.84594107
1.0003877
0.5827759
0.54286665
0.66841966
0.70241046
0.61649674
1.0119613
0.4850981
0.48622286
0.5627167
0.7217432
0.5249059
0.9664119
0.54508
0.5634502
0.6344829
0.6148589
0.69660926
0.9800874
0.68844616
0.6339967
0.8922503
0.97683984
0.40406004
0.7506391
0.55584735
0.46779191
0.87471545
0.53649056
0.5217811
0.7645565
0.6615905
0.91004044
0.42425135
0.58079225
0.7052726
0.57409924
0.8866362
0.42920843
0.88561153
0.53411186
0.93096113
0.66299117
0.641953
0.7353475
0.36745697
1.033537
0.54510915
0.74964905
0.6040348
0.63822806
0.9010039
0.6363735
0.843458
0.7293049
0.93960935
0.44873032
0.7325429
0.5111605
0.60493934
0.9281864
0.5536314
0.6560635
0.65146613
0.7694417
0.98291767
0.57545257
0.7864552
0.7434133
0.8684757
0.6857459
0.6835908
0.910257
0.9437484
0.49677908
0.8888258
0.54984355
0.86419106
0.6145057
0.80687755
0.41380265
1.0318677
0.75538975
0.9811033
0.96490294
0.49894196
0.8805204
0.5013781
0.92809933
0.5547557
0.51766884
0.7920348
0.97078717
0.8231455
0.9564645
0.9816723
0.5799973
0.56733924
0.63118273
0.62755054
0.8752103
0.6150832
1.0260097
0.9327294
0.67945844
0.84985435
0.73776376
0.94727236
0.52556604
1.0435984
0.9140196
0.4610384
0.5463781
0.5961753
0.667771
0.9808964
0.793771
0.97104394
0.96773046
0.6545608
0.69796133
0.82945794
0.9539963
0.6684157
0.6793681
0.6891946
0.87643963
0.6276752
0.804003
0.751025
0.93234116
0.6914632
0.8019345
0.79819095
0.98991895
0.5952471
0.7532691
0.79132736
0.9185049
0.89318025
0.80766976
0.90478444
0.6909607
0.785788
0.80325985
0.9955573
0.5828568
0.7322353
0.7477455
0.9172887
0.69561315
0.72946364
0.7097807
0.85549825
0.68649113
0.7887706
0.79226875
0.98655236
