0.51674265
0.5164752
0.5187846
0.5188703
0.5187961
0.5187394
0.51867115
0.5183716
0.5164145
0.5188518
0.5189146
0.5184971
0.5187691
0.51855195
0.5188588
0.51872444
0.5183778
0.5189227
0.5164757
0.514737
0.51886165
0.5189115
0.518847
0.51862776
0.51893973
0.51865965
0.51611966
0.51878196
0.51891136
0.51852506
0.51876384
0.51853615
0.5189698
0.5187147
0.51869714
0.51869833
0.5104466
0.508159
0.51713693
0.519308
0.51028645
0.5087001
0.5177381
0.5176888
0.51680416
0.5194372
0.51005024
0.5174387
0.5177664
0.5178374
0.5170108
0.5194754
0.5085451
0.5175353
0.5176857
0.5169555
0.51792336
0.51947147
0.5100658
0.5084296
0.51800877
0.5194851
0.5088168
0.5178696
0.517491
0.5169093
0.5194963
0.51024467
0.50884473
0.5179713
0.51766044
0.51945055
0.51012546
0.51771593
0.51798546
0.5179361
0.51947385
0.5081278
0.51834625
0.51699984
0.5194854
0.50984764
0.50799316
0.5181768
0.5177702
0.51949066
0.50795543
0.51798373
0.51696444
0.5178715
0.5194743
0.5100127
0.51758754
0.51723355
0.519413
0.5086556
0.51766837
0.5168045
0.51792735
0.51950467
0.50852114
0.5175154
0.5169535
0.5181529
0.5195024
0.5100562
0.51813465
0.51764596
0.51946557
0.5108395
0.5082908
0.51747453
0.519387
0.50821203
0.5182535
0.51674455
0.51949275
0.5104741
0.5179165
0.51800776
0.5194987
0.508567
0.5181044
0.5194433
0.5101665
0.5182702
0.5176428
0.5194697
0.5082582
0.51813704
0.5178816
0.519489
0.51036936
0.51760256
0.5193621
0.5181705
0.5177905
0.51816446
0.51794314
0.5195359
0.51055586
0.51795626
0.5194392
0.5089008
0.5181332
0.5176353
0.5194647
0.5102252
0.5181939
0.51947176
0.5182023
0.51754075
0.5179311
0.5177681
0.5194943
0.50853807
0.51796395
0.5194079
0.50996935
0.51768017
0.5182419
0.51949185
0.5181618
0.5177734
0.5175565
0.5194817
0.51033247
0.51835334
0.517902
0.5195006
0.5086422
0.5177642
0.51693285
0.51939005
0.51014227
0.51807386
0.5177379
0.5194575
0.5175183
0.51784
0.5194474
0.50838035
0.5176325
0.5170498
0.5193851
0.51025087
0.51780695
0.51826096
0.5195074
0.51814926
0.51747996
0.51794636
0.51950014
0.5088477
0.5177196
0.5169762
0.5193781
