0.51598084
0.51498526
0.51889795
0.5189079
0.51889014
0.5188085
0.5187149
0.51867574
0.5155073
0.51889205
0.51900476
0.5187435
0.5188294
0.5188215
0.5188828
0.518738
0.5185902
0.51897424
0.51566184
0.51542604
0.51895994
0.51896864
0.5188647
0.51866907
0.51900136
0.51878387
0.51428735
0.5188972
0.51893365
0.51872605
0.5188856
0.51881856
0.5190257
0.5188101
0.5187189
0.51880807
0.5076195
0.5068184
0.5160795
0.5193042
0.5072063
0.50641936
0.51673716
0.5170577
0.51548284
0.5194261
0.5073663
0.51608664
0.5170658
0.5162965
0.51572216
0.51944464
0.5065554
0.516472
0.51688457
0.51577866
0.5173067
0.51945406
0.5070218
0.5064142
0.5175489
0.5194466
0.5054964
0.5171496
0.51585305
0.5153779
0.5194615
0.50666946
0.5062922
0.51672006
0.51637775
0.5194408
0.5061361
0.51673853
0.5163183
0.51724607
0.51945513
0.5059382
0.5175053
0.5158026
0.5194516
0.5073167
0.50590503
0.51690763
0.5168401
0.5194632
0.5058569
0.5168204
0.51555157
0.516963
0.51946205
0.5074279
0.51618046
0.5157247
0.51937324
0.5064529
0.5152289
0.515878
0.5173596
0.5194811
0.50533414
0.51678807
0.515432
0.5177551
0.51947397
0.50644344
0.5170279
0.516945
0.5194366
0.5069339
0.50732654
0.5160883
0.5193496
0.5059077
0.51754725
0.5160456
0.5194451
0.50635415
0.516706
0.5166004
0.51944846
0.5067999
0.5175042
0.5194016
0.50663006
0.51737076
0.51661384
0.5194505
0.5062092
0.5174963
0.51664
0.5194351
0.50749844
0.5167299
0.51935345
0.5174304
0.5169994
0.51757973
0.5170468
0.5195113
0.50699747
0.5171644
0.51938504
0.5068377
0.5176683
0.51697266
0.5194377
0.50623065
0.51774734
0.519446
0.5173214
0.5162885
0.51676667
0.5163301
0.51947635
0.50641847
0.51725644
0.5193972
0.5076362
0.51600486
0.5175834
0.51945037
0.5174731
0.5167805
0.5161259
0.51946974
0.50646436
0.51764965
0.51690215
0.51949275
0.5061065
0.5168959
0.51597655
0.51938087
0.50648534
0.51745236
0.5168696
0.51945704
0.51625896
0.51727974
0.5194182
0.5073208
0.5166047
0.51609784
0.51938725
0.5063902
0.5170468
0.51761776
0.519489
0.51741225
0.51591456
0.5170309
0.51947045
0.5068799
0.51661205
0.5158695
0.51938057
