0.5163678
0.51514375
0.51907736
0.5190812
0.51897824
0.5189071
0.51888055
0.51868683
0.5156729
0.5190197
0.5190875
0.51885056
0.51898193
0.51898104
0.51898193
0.5189161
0.5186751
0.5190644
0.51558983
0.5149536
0.51905686
0.51912224
0.51901925
0.51889557
0.51907575
0.518955
0.5141063
0.5189896
0.5190358
0.5187699
0.51900774
0.5189626
0.5191914
0.51892245
0.5188955
0.51892966
0.50745755
0.5052949
0.5158486
0.5193471
0.50777245
0.507027
0.5167701
0.517232
0.51590633
0.51946616
0.50701845
0.515715
0.5166675
0.5162924
0.515508
0.51948214
0.5051214
0.51653343
0.5169039
0.5153495
0.51733524
0.5194979
0.50704503
0.5061842
0.51768225
0.51947945
0.5047962
0.5172049
0.51607776
0.51525164
0.5195056
0.5065681
0.5052012
0.51700056
0.51635146
0.519456
0.5057462
0.51693475
0.51686746
0.5171247
0.5195067
0.50524616
0.5174524
0.5155114
0.51947343
0.5059807
0.50552434
0.517003
0.51621723
0.5194941
0.5052061
0.5169156
0.5152421
0.5171499
0.5194838
0.5072479
0.5165908
0.5158492
0.5194159
0.50499994
0.51600236
0.51548314
0.5176451
0.51951414
0.50527877
0.5166449
0.5152186
0.51763207
0.5195092
0.5064885
0.5169177
0.5172076
0.5194733
0.50706095
0.50657326
0.5163343
0.5193963
0.50521624
0.517853
0.5157222
0.5194772
0.506464
0.5170976
0.5162872
0.51949996
0.50614727
0.5178558
0.51945513
0.5073587
0.5175176
0.5167378
0.51948464
0.5054112
0.5175745
0.51676875
0.5194737
0.50802773
0.51683676
0.519408
0.5173167
0.5167049
0.5176837
0.51701653
0.5195428
0.5074727
0.5171532
0.5194407
0.505774
0.51758283
0.51676196
0.51948196
0.5067577
0.51790416
0.5194719
0.5175327
0.51621854
0.51629406
0.5166603
0.5195144
0.5055675
0.5174682
0.5194267
0.5073526
0.5159411
0.5176938
0.5195034
0.51765436
0.51682365
0.51604694
0.5195012
0.5072847
0.5177438
0.5172246
0.51950157
0.50589263
0.5165053
0.5154876
0.5194231
0.50752544
0.51726943
0.51678514
0.51948464
0.5161897
0.51717675
0.519449
0.5057869
0.5167167
0.51606715
0.519429
0.5069337
0.51709026
0.51757056
0.5195144
0.5176499
0.51590353
0.51696825
0.5194997
0.5070982
0.5164126
0.5160234
0.51941824
