0.57916045
0.5363971
0.7364944
0.8267779
0.7781101
0.7505892
0.7440928
0.6502936
0.5026683
0.71341157
0.77527875
0.6792807
0.7102708
0.6889279
0.65841895
0.648749
0.62841666
0.6231142
0.52016044
0.52096236
0.69197524
0.7619301
0.6821868
0.6612271
0.6637698
0.6539371
0.45041612
0.69649935
0.75474083
0.60626537
0.66030234
0.65211123
0.743472
0.64522654
0.6672992
0.68162924
0.7447256
0.73897666
0.8500151
1.0215243
0.57287955
0.5572928
0.6407614
0.7165909
0.6080136
1.0400048
0.46929803
0.47433704
0.5693829
0.7103027
0.5253463
1.0074356
0.5365664
0.5602465
0.63387114
0.60934824
0.69805104
1.0104153
0.6949076
0.629923
0.88885117
1.0043564
0.41849014
0.76002425
0.5736301
0.4728695
0.91147965
0.53362054
0.51234585
0.76972145
0.66031563
0.9415671
0.41798705
0.57823575
0.69326156
0.5633492
0.9238572
0.44466463
0.89468265
0.5634549
0.96848613
0.6625608
0.6422672
0.75694376
0.355788
1.0691369
0.52554536
0.7544172
0.61511165
0.6535596
0.91807175
0.6607223
0.87074417
0.7282372
0.961422
0.43410605
0.72248054
0.5147256
0.601626
0.9614795
0.5488363
0.6445676
0.64610654
0.77448785
1.0160257
0.5473199
0.7824709
0.716488
0.88952875
0.68435264
0.68082297
0.90144837
0.96875674
0.5031747
0.9047298
0.56291556
0.84756714
0.62582195
0.8016143
0.407335
1.0938693
0.75219923
0.96680766
0.99175906
0.51298267
0.8819558
0.52600497
0.94664115
0.55665183
0.5176441
0.7823781
1.0137042
0.81639946
0.95469725
1.0049978
0.576452
0.56818885
0.63728404
0.60099906
0.9052527
0.61643153
1.0163718
0.9734644
0.6875876
0.84212035
0.73737746
0.97039753
0.54244286
1.0383892
0.95174724
0.45067483
0.5610982
0.60824263
0.6701472
1.01891
0.7954423
0.95512116
0.9955269
0.6580036
0.6883606
0.834003
0.9879897
0.67591
0.6893648
0.68983364
0.90340436
0.629165
0.7968156
0.74690247
0.9516705
0.6802563
0.79695344
0.78792274
1.0162096
0.60015357
0.7488927
0.78873414
0.9463681
0.89640373
0.8029102
0.9286378
0.67994666
0.7871579
0.8134767
1.0191808
0.58446354
0.74177295
0.7622281
0.95256877
0.71218187
0.7348342
0.6951554
0.8807325
0.68587875
0.7915149
0.7899969
1.0141647
