0.5694816
0.5485954
0.7591208
0.82695466
0.79646903
0.7530073
0.7550307
0.66746175
0.51423985
0.72582084
0.78288436
0.6972243
0.7211414
0.67195225
0.69113904
0.67322344
0.6558096
0.6352181
0.5248108
0.5246669
0.75016314
0.78902656
0.6794552
0.6658106
0.6707708
0.6484484
0.5015181
0.6803868
0.77444863
0.62791437
0.66101193
0.6519276
0.7706114
0.65531886
0.6879433
0.6791135
0.74772644
0.74139893
0.8419923
1.0279263
0.58201444
0.5393963
0.64482147
0.7198011
0.60672444
1.0476298
0.48833272
0.47063097
0.573382
0.7211672
0.5276226
1.0213528
0.5412908
0.55729294
0.6415834
0.61225235
0.68661416
1.028378
0.68917197
0.6215399
0.89871
1.0094188
0.42031965
0.75832075
0.56247574
0.4784473
0.91543806
0.538939
0.52981466
0.76343566
0.6611428
0.9477456
0.41159964
0.5878166
0.71599585
0.5792788
0.93724155
0.450961
0.8902602
0.55859995
0.9805704
0.6660216
0.6357434
0.75645626
0.35772425
1.0929962
0.5356002
0.7582271
0.6033751
0.66092086
0.9273409
0.6525658
0.85441977
0.7258629
0.97417694
0.44771987
0.7334772
0.51341796
0.6014183
0.97416306
0.5501168
0.6491972
0.6346445
0.77068484
1.0291238
0.5559913
0.79925483
0.7098633
0.89332515
0.6828994
0.6774036
0.9102568
0.9739882
0.5151001
0.89917564
0.571271
0.8602708
0.61685026
0.8051094
0.39056903
1.1039562
0.74085844
0.97996384
0.98362064
0.50952566
0.88437784
0.5237639
0.96017635
0.56533605
0.5163134
0.7858604
1.024732
0.80540895
0.9557292
1.0148869
0.5844755
0.576366
0.64198816
0.61762106
0.9112481
0.6118091
1.0194436
0.98196095
0.6729698
0.8461272
0.7485141
0.9708034
0.5476775
1.0375453
0.9751861
0.42838195
0.5585518
0.5963435
0.6635816
1.0196854
0.7973083
0.9664682
1.0016562
0.66077423
0.69474316
0.83744514
0.98637795
0.67756104
0.6965245
0.6840381
0.90489537
0.61719155
0.8089744
0.7486093
0.9650312
0.69198215
0.80009645
0.7851786
1.0206577
0.6098726
0.7563636
0.78998446
0.9535492
0.8943033
0.8094376
0.9328928
0.6889102
0.7921236
0.8150655
1.0255489
0.5814739
0.7357136
0.74975514
0.96299714
0.70667017
0.7252694
0.707359
0.88955355
0.68819755
0.79822135
0.7797129
1.0274216
