0.4800063
0.47999766
0.4800038
0.48000157
0.48000386
0.48000222
0.48000386
0.48001084
0.48000684
0.48000434
0.48000774
0.48001415
0.48000592
0.48000798
0.4800121
0.48000503
0.48001212
0.48000583
0.48000553
0.479997
0.480003
0.48000905
0.48001245
0.48000723
0.48000488
0.48000994
0.47999954
0.48000532
0.4800073
0.48001346
0.48000473
0.48000938
0.48001376
0.48000127
0.48000714
0.48000774
0.48000482
0.47999543
0.48001608
0.4800078
0.48000404
0.4799966
0.48001185
0.47999862
0.4800048
0.4800118
0.48001018
0.4800161
0.48000562
0.48001114
0.48001826
0.48001269
0.47999626
0.480014
0.48000315
0.4800049
0.4800042
0.48000726
0.48000702
0.47999293
0.48000315
0.48001492
0.47999287
0.4800035
0.4800023
0.48001033
0.48000774
0.48000664
0.47999457
0.480006
0.48000586
0.48001403
0.4799968
0.4800007
0.47999582
0.47999623
0.48001564
0.47999364
0.47999653
0.48000607
0.48000816
0.48001248
0.48000503
0.48001426
0.48001283
0.4800174
0.47998977
0.4799959
0.48000374
0.47999877
0.48001215
0.4799966
0.47999614
0.47999662
0.48000345
0.47999313
0.47999546
0.48000064
0.4799955
0.4800079
0.47998983
0.48000395
0.48000664
0.47999805
0.48001692
0.48000404
0.47999915
0.48000893
0.48000652
0.48000094
0.47999707
0.47999692
0.48000735
0.48000273
0.47999603
0.48001307
0.48001453
0.48000702
0.48001516
0.48001146
0.48001328
0.4799966
0.48000506
0.4800094
0.4800054
0.47999492
0.4800117
0.48001269
0.4799934
0.47999913
0.47999108
0.48000383
0.48000833
0.4800178
0.4800096
0.48000187
0.47999832
0.480003
0.480006
0.48001063
0.48000607
0.48000452
0.48001257
0.47999957
0.4800018
0.4800129
0.48000407
0.48000285
0.4799967
0.48001453
0.48000127
0.4800089
0.48000067
0.4799937
0.48000562
0.4799993
0.48000056
0.47999892
0.48000485
0.4800091
0.48
0.4800078
0.47999662
0.4800004
0.4799975
0.4800038
0.480008
0.4800041
0.4800052
0.48000622
0.48000556
0.48001504
0.4800067
0.48000515
0.4799993
0.47999823
0.47999477
0.4800007
0.4800007
0.48000482
0.48000997
0.47999442
0.48000666
0.48000234
0.48001158
0.4800058
0.48000398
0.48000103
0.48000225
0.47999644
0.48000488
0.47999656
0.48000956
0.4800054
0.48001194
0.48001277
0.4800019
