0.5162426
0.5151874
0.5190249
0.5190443
0.51900375
0.51892763
0.51890236
0.51859987
0.51521826
0.5190215
0.5190395
0.5188538
0.5189072
0.51883656
0.5189655
0.5188676
0.51858205
0.51906437
0.5156254
0.5158555
0.5190443
0.51902384
0.51893365
0.51881355
0.51905453
0.51884216
0.5146045
0.51896244
0.5190143
0.51883185
0.5188603
0.5188343
0.5190777
0.5188587
0.5187926
0.51888597
0.5080066
0.5075365
0.5156375
0.51933765
0.5079977
0.5063989
0.51654875
0.51706564
0.5156625
0.5194408
0.50674397
0.515448
0.5169235
0.51653564
0.5149966
0.5194779
0.50637645
0.5163099
0.51682097
0.5155069
0.5173598
0.5194786
0.507384
0.50654644
0.51780957
0.5194668
0.5051795
0.5174022
0.51585466
0.51506793
0.5194577
0.50667727
0.50658923
0.5169561
0.51620585
0.51945347
0.50586337
0.5168993
0.5170049
0.5171492
0.51948804
0.5057021
0.5177491
0.51520216
0.5194634
0.5054254
0.50494415
0.51683277
0.51651055
0.51949626
0.5061208
0.51710975
0.51526374
0.5171083
0.5194697
0.50693065
0.5167782
0.5153509
0.51938826
0.5061941
0.51585734
0.5150322
0.51730734
0.51948714
0.5066266
0.51664233
0.5151797
0.5177459
0.5194974
0.5069201
0.51718736
0.5172251
0.51945174
0.50730914
0.5069477
0.51650345
0.51938814
0.5064167
0.5179217
0.5153579
0.51945406
0.5061632
0.51689607
0.5165591
0.5194833
0.50732744
0.5176851
0.51942885
0.5063344
0.51771784
0.5168789
0.5194668
0.50632
0.51743007
0.51679134
0.5194737
0.5079925
0.5168034
0.51937926
0.5174702
0.51632386
0.5174911
0.5167174
0.51952064
0.5068994
0.5173464
0.51940495
0.5067989
0.5174532
0.5167947
0.51947784
0.5061443
0.51772517
0.5194576
0.5172374
0.51621044
0.51639646
0.5167553
0.5195088
0.5069912
0.5174208
0.5194146
0.507
0.51614195
0.51740295
0.519475
0.5174436
0.51669586
0.5160448
0.5194803
0.5070305
0.51760626
0.5172561
0.51949847
0.50694704
0.51689386
0.515642
0.5193918
0.50713503
0.5174994
0.51700604
0.5194706
0.51649004
0.5173357
0.5194462
0.5067931
0.5166293
0.5158744
0.5194105
0.5071859
0.5171161
0.5177677
0.5194958
0.51739943
0.5162081
0.51695055
0.51948917
0.50657594
0.51697195
0.5151973
0.51940817
