0.48000166
0.47999755
0.48000208
0.48000455
0.47999892
0.4800056
0.48000395
0.47999525
0.4800008
0.48000428
0.47999874
0.4799978
0.47999913
0.47999805
0.4799935
0.48000556
0.4799974
0.4799977
0.4800032
0.47999796
0.48000574
0.48000053
0.4799941
0.48000437
0.48
0.4800056
0.4799972
0.48000246
0.47999832
0.47999778
0.47999918
0.48000085
0.4799924
0.48000583
0.4800037
0.480005
0.48000184
0.47999594
0.47999668
0.47999588
0.48000234
0.4799979
0.4799963
0.4799991
0.47999722
0.47999588
0.4799991
0.47999427
0.4799983
0.48000294
0.47999665
0.4800007
0.47999445
0.4799966
0.47999743
0.4799956
0.4800022
0.4800066
0.4800033
0.47999954
0.4800008
0.48000404
0.4799983
0.4799948
0.4800028
0.47999775
0.480005
0.48000115
0.47999644
0.47999814
0.48000106
0.47999915
0.48000035
0.4799983
0.48000416
0.48000187
0.4800036
0.47999743
0.48000467
0.4799965
0.4800005
0.4800034
0.47999793
0.47999525
0.4800033
0.47999984
0.47999614
0.4799968
0.47999358
0.48000246
0.48000553
0.48000318
0.48000282
0.47999933
0.48
0.47999817
0.48000425
0.47999832
0.47999874
0.48000467
0.47999588
0.4799953
0.47999662
0.47999713
0.48000532
0.4800013
0.47999752
0.47999772
0.48000324
0.480001
0.47999722
0.48000172
0.47999847
0.47999758
0.47999725
0.47999653
0.47999957
0.48000115
0.47999382
0.48000485
0.48000035
0.4799969
0.48000225
0.48000604
0.48000318
0.4800071
0.4799995
0.4800037
0.47999692
0.4800035
0.48000652
0.4800114
0.48000064
0.47999412
0.47999686
0.4800008
0.4799997
0.47999823
0.48000416
0.48000208
0.47999924
0.47999588
0.4800058
0.47999927
0.4800041
0.4800011
0.48000705
0.48000276
0.48000064
0.479999
0.4800023
0.47999474
0.47999752
0.48000595
0.4799997
0.47999838
0.48000482
0.48000643
0.4800024
0.47999886
0.47999892
0.48000857
0.48000455
0.48000064
0.4800034
0.48000315
0.4800031
0.47999957
0.48000675
0.48000056
0.4799993
0.47999826
0.47999868
0.4800008
0.4800029
0.48000416
0.48000056
0.48000297
0.480004
0.48000455
0.4799991
0.47999662
0.47999606
0.47999597
0.48000255
0.48000398
0.4800003
0.4800013
0.48000145
0.480003
0.48000455
0.4800046
0.48000085
0.47999766
0.4799981
0.47999793
0.4799982
