0.59523875
0.55796784
0.73471516
0.8217062
0.7841903
0.7595145
0.7410125
0.6717067
0.5269218
0.7142522
0.7818382
0.6726355
0.70179874
0.68576807
0.6975718
0.67192614
0.6317533
0.6365552
0.5480134
0.5409757
0.6972116
0.7756471
0.6827792
0.6399416
0.6662468
0.6443176
0.43540564
0.6986546
0.76510847
0.60171926
0.6584842
0.64234364
0.754249
0.65193444
0.67431515
0.6988062
0.74049884
0.73540235
0.859276
1.031367
0.5791451
0.55004704
0.6529985
0.70461756
0.62432426
1.05092
0.48078406
0.47517437
0.5735367
0.72135836
0.5399969
1.0142177
0.5302801
0.5690834
0.6350425
0.6128743
0.7048906
1.0199919
0.70453
0.63017136
0.89217347
1.0109651
0.41775733
0.7564911
0.5731798
0.47034627
0.9197033
0.5444236
0.51160055
0.75573236
0.6620893
0.9425377
0.42192724
0.5781814
0.6963928
0.5730325
0.934949
0.4508818
0.88929796
0.56058747
0.9822081
0.6809083
0.65354264
0.7586136
0.35747606
1.0941215
0.52718186
0.7514325
0.60839415
0.663625
0.92904925
0.6515717
0.8553638
0.721634
0.9722372
0.42821476
0.73711944
0.51760644
0.59793603
0.9741059
0.5546341
0.6520635
0.6453283
0.77493334
1.0179138
0.55843955
0.79062533
0.71195966
0.89455134
0.694188
0.67709345
0.907932
0.9765847
0.52015454
0.89148337
0.5665646
0.8618105
0.62797856
0.8013827
0.40879533
1.1003736
0.7433651
0.97891796
0.9923804
0.506892
0.8957394
0.5279567
0.96396947
0.55293393
0.51325333
0.7976442
1.0306821
0.8196366
0.94554114
1.0092754
0.5926217
0.550295
0.63219833
0.6063858
0.9106362
0.6186032
1.0190225
0.96961325
0.6826277
0.8565695
0.74035466
0.9737569
0.54319924
1.033392
0.97482556
0.43808368
0.5575374
0.61321276
0.66602784
1.0243536
0.80104375
0.9694037
1.0001559
0.6638304
0.6943284
0.8459347
0.9889626
0.6746718
0.6949196
0.6824078
0.8966229
0.6259794
0.79422855
0.75151676
0.9683639
0.68068385
0.7988991
0.8002042
1.0239949
0.6102551
0.75672513
0.7869589
0.9518375
0.89223146
0.80230594
0.9307704
0.68390673
0.7930503
0.81003547
1.0297914
0.590683
0.7438063
0.7366779
0.95230395
0.70396054
0.7247641
0.6950418
0.8889894
0.6856413
0.7931291
0.79307765
1.0205814
