0.51601905
0.5163565
0.5188251
0.5189046
0.5188279
0.5187753
0.5186511
0.5184786
0.5153365
0.51888996
0.5189558
0.518681
0.5188296
0.51869065
0.51887155
0.5187672
0.5184342
0.5189527
0.5163258
0.5157239
0.51891357
0.518921
0.5188528
0.51868606
0.5189534
0.5187405
0.5158737
0.5188321
0.51890004
0.518649
0.51880425
0.5187086
0.51903135
0.518711
0.5186053
0.51877797
0.5074192
0.5078756
0.5165429
0.5193034
0.5074599
0.5070538
0.51715875
0.5174693
0.5166187
0.5194453
0.5078674
0.51697105
0.5175736
0.5169255
0.5163202
0.51947045
0.50763375
0.51717585
0.51746887
0.51637006
0.5176606
0.5194738
0.5074363
0.5072593
0.51791304
0.5194638
0.5068836
0.51735556
0.51670617
0.5165129
0.51948416
0.50757074
0.5069894
0.51741886
0.51727754
0.51945984
0.50706375
0.5175001
0.5172177
0.51752526
0.5194555
0.5067228
0.51785797
0.51658785
0.5194573
0.50745934
0.5072504
0.51746976
0.5175457
0.5194824
0.50697184
0.5172612
0.5163527
0.5175372
0.5194786
0.5074431
0.5167157
0.5167441
0.5193897
0.5073796
0.5165434
0.5166887
0.51782626
0.5195012
0.50744593
0.5174
0.51638263
0.51758176
0.5194933
0.5067061
0.51745605
0.5173319
0.5194635
0.50774324
0.5074746
0.5166969
0.51937765
0.50771505
0.5177935
0.5164445
0.51945645
0.5070345
0.5172946
0.5173802
0.51947767
0.50727296
0.5179247
0.5194234
0.5075439
0.5178014
0.5174249
0.5194602
0.5070022
0.5181731
0.517238
0.5194726
0.5075294
0.51708776
0.5193559
0.51795715
0.5174717
0.5178941
0.51764804
0.5195292
0.50713354
0.5177681
0.51942694
0.5068781
0.5180761
0.5171308
0.5194551
0.5075901
0.51788956
0.5194585
0.5178287
0.5169799
0.51732755
0.517391
0.51949966
0.5069067
0.5176751
0.5193976
0.50793797
0.5167815
0.5180591
0.51948243
0.51793325
0.51764894
0.51681
0.51948595
0.5071603
0.51805884
0.5176554
0.51948833
0.50766563
0.5172254
0.51649547
0.51939535
0.50704163
0.5177808
0.5173688
0.5194653
0.51671463
0.5177628
0.5194445
0.5071921
0.5172783
0.51642567
0.51938224
0.50771224
0.5173814
0.5175656
0.5194923
0.517847
0.5166675
0.51752245
0.5194846
0.50709355
0.51707757
0.5166886
0.51939285
