0.51630896
0.5149393
0.5189714
0.5189578
0.51890475
0.51885676
0.51876646
0.5186524
0.515484
0.51892734
0.5189953
0.51872265
0.5188916
0.51883113
0.5189296
0.51888317
0.5185791
0.51897675
0.5163313
0.5152095
0.5189912
0.5189768
0.51887995
0.518692
0.51899576
0.5188936
0.5148325
0.5189558
0.5189254
0.51864564
0.5189495
0.51880217
0.51906353
0.5188428
0.51872534
0.5188709
0.5077348
0.50673467
0.5162017
0.519314
0.5078626
0.5066243
0.5167709
0.51712936
0.51594937
0.5194463
0.50686955
0.51655746
0.51689386
0.51661223
0.51584196
0.5194731
0.50641483
0.5167436
0.5171411
0.51594025
0.51717293
0.5194854
0.50680435
0.5060931
0.51787627
0.5194537
0.5055311
0.5168821
0.5160215
0.5152537
0.51946956
0.5065832
0.50598145
0.5169654
0.51686007
0.5194499
0.5070767
0.516811
0.5168009
0.51731044
0.51947355
0.5059852
0.5174732
0.515552
0.51944834
0.50741804
0.5057787
0.51710683
0.51692754
0.51947004
0.50630647
0.51693887
0.5155766
0.5174675
0.51946515
0.50767124
0.5164977
0.5156903
0.51939595
0.5062163
0.51621336
0.51589984
0.51772326
0.51950175
0.50622666
0.5167725
0.51575613
0.5178027
0.5194862
0.50711405
0.5169647
0.516929
0.51945037
0.50711274
0.5073974
0.5165018
0.51935625
0.5058071
0.51780415
0.51564574
0.5194535
0.5063947
0.51705915
0.517094
0.5194762
0.50662744
0.51785636
0.5194463
0.5071608
0.5174094
0.51655686
0.5194623
0.5056925
0.5176721
0.51644546
0.51946896
0.5076495
0.5171265
0.51936674
0.5175415
0.5168674
0.5174838
0.5168963
0.519534
0.5067978
0.5169923
0.5194216
0.5062325
0.5177706
0.5165042
0.5194619
0.50741667
0.5176752
0.51945066
0.51776165
0.51644707
0.5169838
0.51666975
0.51949835
0.50658387
0.5175128
0.51941377
0.50786436
0.51605517
0.51766
0.5194939
0.51781046
0.5169467
0.516088
0.5194916
0.50646013
0.5175027
0.5170464
0.5194962
0.50607324
0.51673794
0.51570946
0.51938564
0.50771976
0.51763564
0.5170685
0.51947325
0.5160878
0.5173689
0.51944864
0.5065773
0.51695365
0.51599324
0.5193876
0.5067029
0.5167837
0.5177069
0.5194918
0.5174334
0.516351
0.51712316
0.51947993
0.5069871
0.51689863
0.5157501
0.5193752
