0.516319
0.5154477
0.51892906
0.5189674
0.5189208
0.5188542
0.51881677
0.51859224
0.5160351
0.5189365
0.51904607
0.51874614
0.5189188
0.51878047
0.5190372
0.51881784
0.51857024
0.5190199
0.5162325
0.5158921
0.5189758
0.5190382
0.519004
0.5188523
0.5190242
0.5188528
0.514637
0.51892024
0.5189987
0.5187143
0.51889765
0.5188005
0.5190964
0.5188282
0.5186947
0.5188532
0.5077207
0.5064879
0.51622134
0.5193364
0.50732154
0.5070416
0.5170219
0.51718014
0.5159979
0.51945657
0.50727147
0.51625574
0.5172414
0.51691
0.51607215
0.5194726
0.50588775
0.5167766
0.51734734
0.5160811
0.5171605
0.51949364
0.5071142
0.50648636
0.51782143
0.5194938
0.5065647
0.51716197
0.51659054
0.51593995
0.5194949
0.5082438
0.5067859
0.5171026
0.51718444
0.51945734
0.5071821
0.51724595
0.5170254
0.51755166
0.5194948
0.50667083
0.51779133
0.5159215
0.51946205
0.50741774
0.5054237
0.51734155
0.5172317
0.519494
0.5051868
0.51709455
0.51609665
0.517442
0.519474
0.508275
0.51661736
0.515866
0.5194154
0.5061526
0.51645815
0.51573414
0.5174425
0.5194942
0.505938
0.51694685
0.5156692
0.517744
0.5195001
0.50709337
0.51729053
0.5172538
0.51945883
0.5084396
0.5065045
0.51683563
0.5193701
0.50571847
0.5179868
0.5158789
0.5194677
0.50808996
0.51711065
0.5171821
0.5194932
0.50646853
0.51794136
0.5194295
0.50795484
0.5175483
0.517096
0.5194816
0.5068497
0.5177285
0.51697046
0.519472
0.50721514
0.51718974
0.51937866
0.5178247
0.5171076
0.5177042
0.51759815
0.51953894
0.5074446
0.5173472
0.51941055
0.5067038
0.51766276
0.51700836
0.5194561
0.5074648
0.51780695
0.51946825
0.5179251
0.517033
0.51716995
0.5171822
0.51950556
0.50557786
0.51774776
0.5194182
0.50843483
0.5165002
0.51792276
0.5194848
0.5178077
0.5169798
0.51647544
0.519495
0.5074562
0.5177597
0.5173579
0.51949733
0.50681037
0.51691765
0.5159496
0.5194036
0.50800407
0.5177919
0.5170311
0.5194799
0.516613
0.5173883
0.5194658
0.5059185
0.5169399
0.51615244
0.5194011
0.507751
0.5172486
0.5177544
0.51949644
0.51760674
0.5163445
0.5173902
0.51948154
0.50626075
0.51715785
0.5162311
0.51940334
