0.4800046
0.48000243
0.48000327
0.47999984
0.48000395
0.48000446
0.48000523
0.47999844
0.48000407
0.4799997
0.48000193
0.48000482
0.48000625
0.48000044
0.48000342
0.48000327
0.47999886
0.48000586
0.48000517
0.4800046
0.48000023
0.4800023
0.48000336
0.48000586
0.48000613
0.48000506
0.48000452
0.4800039
0.4800016
0.48000357
0.48000395
0.4800003
0.4800027
0.48000538
0.48000622
0.48000413
0.4800045
0.48000416
0.4799975
0.48000583
0.48000398
0.48000324
0.4800053
0.47999954
0.47999895
0.48000902
0.48000473
0.4800051
0.4799998
0.4800054
0.4799987
0.48000166
0.48000494
0.48000395
0.48000002
0.47999957
0.4800046
0.4799981
0.4800041
0.48000187
0.48000416
0.4800001
0.48000368
0.48000273
0.48000476
0.47999883
0.4800009
0.48000506
0.48000413
0.48000476
0.4799991
0.4800015
0.48000473
0.47999945
0.48000467
0.48000365
0.48001012
0.48000398
0.48000044
0.47999942
0.4799938
0.48000532
0.4800044
0.4800045
0.4800053
0.48000288
0.48000303
0.48000422
0.47999874
0.48000374
0.48001203
0.48000416
0.4800041
0.4799971
0.48000175
0.48000473
0.48000395
0.4799997
0.480005
0.48000625
0.4800028
0.48000416
0.48000026
0.48000488
0.4800033
0.48000428
0.48000455
0.47999957
0.48000732
0.48000404
0.4800044
0.48000452
0.47999585
0.48000446
0.4800012
0.47999895
0.47999588
0.48000556
0.48000437
0.48000565
0.47999573
0.48000365
0.4800016
0.47999948
0.48000476
0.48000023
0.48000485
0.48000345
0.4800032
0.48000273
0.48000377
0.4799994
0.48000476
0.4800047
0.47999373
0.4800019
0.48000035
0.48000473
0.48000434
0.48000297
0.48000446
0.48000413
0.47999778
0.48000243
0.48000166
0.48000398
0.48000088
0.4800043
0.4800022
0.48000154
0.48000315
0.4800049
0.48000038
0.48000437
0.480005
0.48000383
0.4800047
0.47999948
0.48000383
0.48000446
0.48000428
0.4799966
0.48000395
0.48000097
0.4800054
0.48000532
0.48000437
0.48000532
0.48000562
0.48000333
0.48000348
0.48000377
0.47999874
0.4800045
0.48000517
0.48000285
0.48000035
0.4800072
0.48000383
0.48000506
0.4800046
0.48000443
0.48000342
0.47999862
0.48000064
0.48000503
0.47999954
0.48000553
0.48
0.48000267
0.48000437
0.48000413
0.47999364
0.48000333
0.4800036
0.4799984
0.47999844
