0.55631423
0.5372123
0.7436012
0.8229987
0.7866765
0.76350987
0.7388814
0.65064913
0.52409875
0.709045
0.772796
0.65869623
0.7049575
0.65826607
0.6792878
0.6677684
0.6342477
0.62292284
0.5239066
0.52044
0.6940189
0.768908
0.69103205
0.65586585
0.65408087
0.65280837
0.47398058
0.68024766
0.75827533
0.60437787
0.6653886
0.6462352
0.75358677
0.6436729
0.67915225
0.69973314
0.74804085
0.7432567
0.85533977
1.0313991
0.5688179
0.5483137
0.6539998
0.72168595
0.61186856
1.0479686
0.48312694
0.4713028
0.559069
0.7235449
0.51826936
1.020666
0.5271226
0.5639293
0.6392997
0.611266
0.6943069
1.025068
0.6820202
0.63659817
0.89618504
1.0019826
0.41262364
0.7667333
0.57694405
0.47328645
0.9300663
0.53570294
0.53095424
0.76230294
0.66852075
0.9380335
0.42242587
0.57493734
0.6980375
0.5789081
0.9435409
0.45322034
0.917408
0.5526398
0.98688084
0.6605048
0.6620534
0.7504096
0.36444753
1.0985688
0.53836405
0.7559596
0.59638697
0.657875
0.9269705
0.6609452
0.85941976
0.7273986
0.9739216
0.44212097
0.73421574
0.51027817
0.6029178
0.98077416
0.556356
0.66121763
0.63702977
0.7753102
1.014963
0.5430631
0.78605604
0.7107479
0.8981303
0.6878614
0.68470824
0.9142635
0.98155004
0.51107
0.90537894
0.565918
0.8586724
0.63014084
0.8158774
0.39413744
1.1140354
0.74943453
0.97423273
1.0077695
0.5084995
0.89783865
0.52366155
0.97020465
0.56796014
0.5248409
0.7854801
1.028946
0.8137467
0.9556109
1.0184706
0.56934816
0.56857586
0.6346975
0.59836024
0.9098944
0.6209832
1.0246433
0.97833186
0.67855626
0.8538414
0.7480217
0.98422605
0.54188067
1.0297757
0.9741632
0.4482605
0.5520902
0.6027938
0.6552318
1.0367095
0.79129356
0.96349937
1.0002851
0.6654028
0.702306
0.8435531
0.98139286
0.6763177
0.6896048
0.689939
0.90939015
0.6300922
0.8180653
0.7561306
0.96553653
0.67640126
0.7995672
0.7816799
1.0243332
0.6112211
0.75385475
0.78052616
0.9572151
0.89478433
0.80486965
0.9375316
0.6860873
0.79756105
0.7982595
1.0319862
0.5901026
0.73109627
0.7492714
0.9577149
0.7014608
0.73556864
0.70396495
0.8948325
0.69295967
0.799063
0.79256856
1.0279808
