-0.019995777
-0.019997654
-0.01999682
-0.0200003
-0.019995797
-0.019995283
-0.01999504
-0.020001741
-0.01999562
-0.02000006
-0.019998422
-0.01999564
-0.019994939
-0.019999871
-0.019996876
-0.019996699
-0.020001978
-0.019993601
-0.019995492
-0.01999605
-0.019999139
-0.019997247
-0.019997252
-0.019994395
-0.019994054
-0.019995494
-0.0199951
-0.019996233
-0.019998573
-0.019996308
-0.019995784
-0.020000057
-0.019996753
-0.019994393
-0.019993946
-0.019995766
-0.019996034
-0.019995997
-0.020002324
-0.01999397
-0.019995494
-0.019996151
-0.01999452
-0.020000827
-0.020001503
-0.019991556
-0.019995656
-0.019994935
-0.020000003
-0.019994304
-0.020001166
-0.01999848
-0.019995566
-0.019995838
-0.020000087
-0.020000475
-0.019995302
-0.020002244
-0.019996611
-0.019997919
-0.01999544
-0.020000055
-0.019995838
-0.019998128
-0.01999496
-0.020001702
-0.01999869
-0.019995794
-0.019996235
-0.019995313
-0.020001324
-0.01999863
-0.019995548
-0.020000273
-0.019995485
-0.019995758
-0.019990474
-0.019995857
-0.019999871
-0.02000102
-0.02000613
-0.01999482
-0.019995917
-0.019996181
-0.019994726
-0.019996434
-0.019997062
-0.019996356
-0.02000147
-0.019996045
-0.019988185
-0.01999602
-0.019995587
-0.02000294
-0.019998593
-0.019995533
-0.01999549
-0.020000208
-0.019995006
-0.019993475
-0.01999696
-0.019996155
-0.020000128
-0.019995255
-0.019996341
-0.019996265
-0.019995982
-0.020001257
-0.019992072
-0.019996356
-0.019995494
-0.019994956
-0.020004543
-0.019995693
-0.019999186
-0.020001547
-0.020003846
-0.019994458
-0.019996274
-0.019994346
-0.020004239
-0.019996656
-0.019998172
-0.019999526
-0.019995332
-0.01999977
-0.01999525
-0.019996304
-0.019996848
-0.019997142
-0.01999618
-0.020000953
-0.019995186
-0.019995332
-0.020005831
-0.019997869
-0.020000886
-0.019994732
-0.019995993
-0.019997556
-0.019996295
-0.019995883
-0.020001775
-0.019997738
-0.01999808
-0.0199959
-0.019999202
-0.019995978
-0.019998355
-0.019998213
-0.019997178
-0.01999536
-0.020000411
-0.019995632
-0.019995408
-0.01999612
-0.019994987
-0.0200007
-0.019996101
-0.019996043
-0.019995207
-0.020003693
-0.019996217
-0.019998958
-0.019994546
-0.01999507
-0.019995594
-0.019994581
-0.019994322
-0.019996174
-0.019996068
-0.019996108
-0.020001356
-0.019995531
-0.019995214
-0.019997204
-0.019999584
-0.019992325
-0.01999601
-0.019995067
-0.019995196
-0.019995773
-0.019995978
-0.020001076
-0.01999891
-0.01999521
-0.020000417
-0.019994859
-0.019999674
-0.01999768
-0.019995553
-0.019995315
-0.020005737
-0.019996757
-0.019995937
-0.020001784
-0.020001594
