-0.019998988
-0.020003157
-0.019996958
-0.019995015
-0.020002378
-0.019995758
-0.019997725
-0.020003479
-0.019998379
-0.019994102
-0.020000676
-0.02000288
-0.020000853
-0.020000197
-0.02000449
-0.01999459
-0.020002807
-0.02000065
-0.019999724
-0.020004377
-0.019994354
-0.020001432
-0.020004751
-0.019997345
-0.020003106
-0.019995846
-0.020002507
-0.019996911
-0.020000994
-0.020002436
-0.020002004
-0.019999906
-0.020006074
-0.01999429
-0.019995742
-0.019995488
-0.01999861
-0.020004068
-0.020003064
-0.020002976
-0.019997748
-0.020002615
-0.020003734
-0.020001525
-0.020002963
-0.020004569
-0.019999955
-0.02000545
-0.020001702
-0.019997355
-0.020003341
-0.01999931
-0.020005077
-0.020003488
-0.020002553
-0.020003378
-0.019997362
-0.019993033
-0.019996768
-0.020000588
-0.019999398
-0.019996043
-0.020001305
-0.020005057
-0.019996773
-0.020002982
-0.019995563
-0.019999305
-0.020003447
-0.020001736
-0.019999593
-0.020001436
-0.019999415
-0.020001272
-0.01999552
-0.019997982
-0.019997505
-0.02000307
-0.019995024
-0.020003742
-0.020001287
-0.0199972
-0.020001862
-0.020004574
-0.019996181
-0.020001246
-0.020003416
-0.02000325
-0.020006055
-0.019997625
-0.019995108
-0.019996582
-0.019996703
-0.020001762
-0.020000588
-0.020001663
-0.019995218
-0.020001769
-0.020001085
-0.019996066
-0.020004695
-0.02000483
-0.020003943
-0.02000227
-0.01999409
-0.019998314
-0.020002807
-0.020002006
-0.01999787
-0.019999972
-0.020003013
-0.019997945
-0.020000553
-0.020001903
-0.020002482
-0.020003866
-0.019999372
-0.01999884
-0.020005617
-0.019994834
-0.019999284
-0.020003708
-0.01999793
-0.019995008
-0.019997377
-0.019992122
-0.020000635
-0.019996535
-0.020003762
-0.019995995
-0.019993898
-0.019988712
-0.019999925
-0.020005591
-0.020002844
-0.019998763
-0.020000363
-0.020000892
-0.019995678
-0.019999895
-0.020001562
-0.02000387
-0.019994022
-0.020000743
-0.019995896
-0.019999322
-0.019994121
-0.019997302
-0.01999935
-0.019999914
-0.019998273
-0.020005217
-0.02000173
-0.019993959
-0.020001838
-0.020001946
-0.019995391
-0.019993687
-0.019997558
-0.02000082
-0.020000095
-0.019991143
-0.019996084
-0.019999852
-0.01999634
-0.019999152
-0.019996936
-0.019999847
-0.01999411
-0.019999526
-0.020001134
-0.020001486
-0.020001322
-0.019998778
-0.019997504
-0.019996125
-0.019999672
-0.019998342
-0.019995585
-0.019995315
-0.020001695
-0.02000364
-0.020003645
-0.020003788
-0.019997787
-0.019995738
-0.019999396
-0.019998481
-0.01999956
-0.019997764
-0.01999562
-0.01999509
-0.020000244
-0.020002665
-0.020001758
-0.020002116
-0.020001812
