-0.29506218
-0.2970565
-0.38481355
-0.38504204
-0.38235986
-0.3563821
-0.38067862
-0.37066817
-0.31717408
-0.36675057
-0.42604822
-0.43526402
-0.39014506
-0.4140793
-0.33924392
-0.3646676
-0.41968316
-0.38080448
-0.2940874
-0.3057133
-0.33968478
-0.3685075
-0.27349898
-0.3158467
-0.34952563
-0.35150877
-0.2571985
-0.40479416
-0.37545502
-0.39065617
-0.3541818
-0.40984228
-0.39523754
-0.34927315
-0.37347016
-0.37862897
-0.19176733
-0.19515154
-0.25269246
-0.26731402
-0.22373171
-0.21793695
-0.25077772
-0.28133202
-0.23516367
-0.40288928
-0.18896034
-0.20791459
-0.21978252
-0.27955285
-0.20831011
-0.39924294
-0.21439454
-0.21758178
-0.23171632
-0.24552928
-0.27542952
-0.3837865
-0.16710204
-0.13259707
-0.258868
-0.24891421
-0.09916127
-0.24614973
-0.16123292
-0.12416515
-0.31769314
-0.1716789
-0.15301436
-0.2454282
-0.20731224
-0.29292586
-0.11083752
-0.18311563
-0.22144713
-0.17057434
-0.3252413
-0.046362467
-0.26230013
-0.09511833
-0.2799376
-0.25660273
-0.24554038
-0.25821975
-0.041764587
-0.41252282
-0.17132393
-0.2606467
-0.20107095
-0.21215005
-0.2887146
-0.16278234
-0.251677
-0.18909912
-0.23522028
-0.11473148
-0.24373864
-0.14739199
-0.18327782
-0.34862766
-0.20088732
-0.23566897
-0.21466632
-0.26381093
-0.33827612
-0.104771495
-0.20189294
-0.16454516
-0.1914654
-0.16281965
-0.17405489
-0.25288785
-0.2248539
-0.053873636
-0.2652424
-0.063818015
-0.13647741
-0.17706963
-0.21308921
0.009214583
-0.38277915
-0.08452525
-0.20047547
-0.14387113
-0.079525895
-0.25846976
-0.06252184
-0.25587648
-0.11123278
-0.057350714
-0.2134773
-0.30382782
-0.1319426
-0.18875663
-0.15133618
-0.1747523
-0.17488627
-0.20708466
-0.1903677
-0.3004118
-0.007979267
-0.21914545
-0.1264646
-0.1765545
-0.2498507
-0.1994339
-0.23383532
0.043710545
-0.22325225
-0.12420477
-0.14240955
-0.17238788
-0.20316778
-0.22921762
-0.35541186
-0.116412885
-0.20001154
-0.14885004
-0.16479701
-0.16559401
-0.24580507
-0.24432132
-0.15976775
-0.17940393
-0.1681843
-0.21940742
-0.1553545
-0.24077009
-0.19425496
-0.21797991
-0.18018596
-0.21684396
-0.22522233
-0.2675969
-0.13143979
-0.19475889
-0.21149398
-0.21966785
-0.16535705
-0.11260291
-0.11985852
-0.18894985
-0.21979597
-0.22294493
-0.26278833
-0.10912162
-0.18987867
-0.19316448
-0.2454613
-0.17613487
-0.19354069
-0.17544226
-0.19943175
-0.18853305
-0.22600183
-0.22449942
-0.27240887
