-0.28255674
-0.3050967
-0.39328346
-0.37435302
-0.38777333
-0.35310388
-0.38581997
-0.37884378
-0.32535377
-0.3763235
-0.41853732
-0.45149416
-0.39810663
-0.39381433
-0.3570233
-0.3712842
-0.40509441
-0.38988355
-0.28728765
-0.28562355
-0.34740826
-0.3689057
-0.28678858
-0.34306464
-0.34909892
-0.32694325
-0.2931713
-0.3857447
-0.39863163
-0.38407487
-0.37504697
-0.39748597
-0.39296922
-0.33341986
-0.36139148
-0.4078662
-0.20311975
-0.1956843
-0.24102968
-0.26810622
-0.22956532
-0.21455862
-0.26212218
-0.27410474
-0.24552849
-0.40638524
-0.1860861
-0.17334735
-0.22379316
-0.27633622
-0.19430897
-0.41012442
-0.20864035
-0.22292455
-0.2542796
-0.24986184
-0.26939964
-0.38027972
-0.16170269
-0.12920558
-0.2652796
-0.25865325
-0.0949579
-0.2508187
-0.16985911
-0.12823662
-0.31306157
-0.15842095
-0.14573173
-0.24582824
-0.206107
-0.2995209
-0.11384606
-0.18253615
-0.24013163
-0.18039125
-0.33032328
-0.049450733
-0.2574677
-0.08976374
-0.2693333
-0.25337544
-0.23997141
-0.25659537
-0.037315946
-0.41791627
-0.16981748
-0.2565357
-0.19017637
-0.21548481
-0.288102
-0.15820763
-0.24170224
-0.18815452
-0.23781298
-0.114510044
-0.24524692
-0.15327473
-0.18434326
-0.35995236
-0.18548419
-0.2205139
-0.2148269
-0.26512423
-0.34138036
-0.09215992
-0.2101354
-0.1575313
-0.19614907
-0.16791338
-0.16466495
-0.25715122
-0.2315375
-0.049136527
-0.26451588
-0.062194172
-0.14028767
-0.17376801
-0.21656364
0.01653498
-0.38247675
-0.0888071
-0.20132893
-0.1422917
-0.07401712
-0.2530671
-0.060772598
-0.26245534
-0.11836817
-0.06286592
-0.20328413
-0.3127158
-0.12723432
-0.20269965
-0.1555271
-0.18621667
-0.1822167
-0.21050051
-0.19921283
-0.29974627
-0.0077328137
-0.21194197
-0.12586097
-0.17700294
-0.24095562
-0.20539422
-0.2369741
0.036406573
-0.2281878
-0.12530275
-0.11856707
-0.1850599
-0.19584692
-0.2299915
-0.3553712
-0.13229236
-0.19703202
-0.14735463
-0.16667566
-0.16939038
-0.2447885
-0.2521607
-0.17353614
-0.17141524
-0.17474751
-0.22513416
-0.14501405
-0.2354419
-0.19393349
-0.23303714
-0.18334517
-0.22478299
-0.22436514
-0.26817045
-0.14031082
-0.19958477
-0.21216199
-0.2388372
-0.16370915
-0.118655615
-0.120343335
-0.18493913
-0.2260574
-0.22697783
-0.27264673
-0.119608976
-0.18243112
-0.1975245
-0.24405421
-0.17615896
-0.1866841
-0.18304126
-0.21067314
-0.19754402
-0.2172021
-0.22413664
-0.26664972
