0.011418648
0.0086916825
0.01901229
0.018914677
0.018747631
0.018544056
0.018568838
0.018314263
0.009712596
0.018865794
0.018990736
0.01850716
0.018740924
0.01882281
0.018764712
0.018571412
0.01819763
0.019006925
0.011033509
0.009104067
0.0189246
0.019033829
0.018806288
0.018551644
0.019006057
0.0188621
0.0070892535
0.018835813
0.018934743
0.018468454
0.018757861
0.018803982
0.019087698
0.018527966
0.018548528
0.018762704
0.007160541
0.0051844763
0.015773913
0.019388022
0.007086997
0.006463217
0.01668513
0.017221928
0.015802773
0.01952549
0.0061791586
0.01520958
0.016501091
0.016155114
0.015142204
0.019544525
0.004313828
0.016392088
0.016794065
0.015037215
0.017246498
0.019549677
0.0065502007
0.0057368726
0.01767701
0.019544179
0.004242594
0.017132131
0.015795842
0.014888914
0.01956975
0.0059041125
0.004474379
0.01692234
0.016171709
0.019522281
0.0048725465
0.016762095
0.01671448
0.017071681
0.01956697
0.0048906174
0.017451646
0.015215247
0.019536199
0.005441281
0.005018661
0.016860865
0.01577366
0.019568253
0.0043505253
0.016824251
0.014881095
0.01702725
0.019539302
0.0067941956
0.016550729
0.015611556
0.019482968
0.0038360166
0.015694797
0.015126655
0.017595042
0.01957746
0.0045725727
0.01653075
0.014895096
0.017613817
0.01956794
0.005754456
0.01688726
0.017099136
0.019544166
0.006440972
0.006249514
0.016299704
0.019453878
0.0045019942
0.017841397
0.015474654
0.019547602
0.0057614055
0.016993977
0.015940009
0.019560913
0.0060157506
0.017842164
0.019517368
0.0067195348
0.017492756
0.016549625
0.019550074
0.0048783687
0.017506568
0.016674489
0.01953036
0.007945524
0.016755318
0.019470088
0.017221803
0.016512778
0.017633852
0.016843209
0.019604912
0.007002184
0.017152011
0.019500317
0.005194886
0.017559905
0.016713357
0.019537997
0.006162811
0.017898005
0.019534381
0.01745378
0.015898893
0.016019283
0.016424792
0.019576266
0.0054371743
0.017464245
0.01948529
0.00683309
0.015643315
0.017669916
0.01956396
0.017640833
0.016708948
0.015923161
0.019572506
0.0067152465
0.017719666
0.017127164
0.019549696
0.0055511487
0.016437529
0.015356502
0.019481689
0.0069287033
0.017235471
0.016705167
0.01954718
0.01613059
0.01712391
0.019502621
0.00538547
0.016659092
0.016040005
0.019478213
0.0065106526
0.017046748
0.017548889
0.019577876
0.017594736
0.01577984
0.016849693
0.019555507
0.0064361817
0.016367925
0.0159205
0.01947157
