-0.28591248
-0.2933745
-0.38009998
-0.35403806
-0.36855963
-0.34481525
-0.3670997
-0.36576885
-0.31835636
-0.37448898
-0.41433173
-0.4357273
-0.38075075
-0.40373766
-0.33290112
-0.3632168
-0.41783106
-0.38519883
-0.2985198
-0.31467918
-0.3110609
-0.38112113
-0.2905388
-0.2917832
-0.34516543
-0.34147438
-0.29726732
-0.40492263
-0.3966469
-0.39761236
-0.3689979
-0.4055843
-0.38132513
-0.30982745
-0.37075135
-0.3950879
-0.2111102
-0.20406461
-0.24854407
-0.2612353
-0.23780735
-0.22278214
-0.27047643
-0.27220353
-0.2504186
-0.38260153
-0.19226968
-0.18648137
-0.22145
-0.2787103
-0.20737702
-0.39069834
-0.20887077
-0.2267644
-0.24913807
-0.25321078
-0.27139816
-0.36716777
-0.16817549
-0.14281659
-0.2674097
-0.24489185
-0.097162746
-0.24675328
-0.15918995
-0.11820821
-0.2878749
-0.17186074
-0.17377667
-0.25414962
-0.21408746
-0.28674397
-0.121148475
-0.18354815
-0.2300091
-0.17080745
-0.3083757
-0.03733658
-0.25956228
-0.07833292
-0.22512516
-0.24126713
-0.23620635
-0.25547302
-0.049131643
-0.3735288
-0.177178
-0.25751072
-0.18990953
-0.21108668
-0.27903605
-0.15703587
-0.23940532
-0.18537119
-0.2330078
-0.118393116
-0.25093433
-0.15159
-0.18667212
-0.32011372
-0.17555621
-0.2332673
-0.21701755
-0.26269886
-0.32872424
-0.1261688
-0.20531236
-0.18636577
-0.19711263
-0.17884204
-0.17625031
-0.26730883
-0.22142246
-0.04335568
-0.257147
-0.0412672
-0.17851841
-0.16714503
-0.21635908
-0.011800783
-0.33013195
-0.099203534
-0.21006678
-0.13210067
-0.06781574
-0.2635818
-0.040917154
-0.22998317
-0.11484147
-0.06585346
-0.21176708
-0.2747946
-0.13788176
-0.20045578
-0.14140014
-0.17670904
-0.17799336
-0.21034577
-0.20900495
-0.2906809
-0.0025611152
-0.22715463
-0.10103111
-0.18821114
-0.2479156
-0.21169016
-0.2299655
0.07811142
-0.24145932
-0.084416956
-0.15302907
-0.18367685
-0.20158428
-0.23022349
-0.33131376
-0.13017522
-0.20898171
-0.13882342
-0.16395403
-0.17243643
-0.23516016
-0.23933043
-0.1714074
-0.17616475
-0.17733938
-0.20930569
-0.1641145
-0.22995247
-0.19069904
-0.21302375
-0.18700476
-0.23385967
-0.2234079
-0.25967878
-0.13314283
-0.19620515
-0.21343799
-0.2189163
-0.16911797
-0.11673819
-0.112042084
-0.18915442
-0.23146524
-0.2318439
-0.2569839
-0.12536882
-0.18278116
-0.19019666
-0.22576295
-0.17882809
-0.20081088
-0.17710246
-0.19981746
-0.18470329
-0.22634704
-0.23118663
-0.26076695
