0.013336322
0.0110883545
0.01884972
0.018791107
0.018678313
0.018585436
0.018447421
0.018256286
0.010928527
0.018831093
0.01893848
0.018494377
0.018639041
0.018610887
0.01865748
0.01858452
0.018310802
0.018911028
0.012494945
0.009300448
0.018873956
0.01889868
0.018641682
0.018540148
0.01889614
0.01860215
0.01002018
0.018865466
0.018913712
0.018517444
0.018662235
0.018640503
0.018857718
0.018483829
0.018439641
0.018569466
0.006208503
0.006402805
0.01627157
0.019340035
0.0053308634
0.00539293
0.016961066
0.017207729
0.016126469
0.019469935
0.0054906933
0.016418917
0.017131044
0.016766643
0.015756551
0.019511411
0.005239578
0.0170549
0.017263347
0.015924823
0.017588617
0.019519912
0.0074215815
0.0057519847
0.017945258
0.019507868
0.0055623967
0.017374996
0.016256174
0.01595557
0.019516742
0.0065345247
0.006550606
0.017359141
0.016884936
0.019474007
0.0058751656
0.017199913
0.016849307
0.01746377
0.019500919
0.0055087144
0.017611083
0.015798908
0.019488527
0.004583099
0.0047473675
0.017221654
0.017368838
0.019513158
0.0050542387
0.017177295
0.015724307
0.017485766
0.019505134
0.0064261593
0.016709171
0.015987981
0.01940774
0.0058039185
0.016363295
0.015512596
0.017503597
0.019539727
0.006074478
0.016985027
0.015985526
0.01763048
0.019538675
0.0069643366
0.017446691
0.01717328
0.019500913
0.005421838
0.0061746184
0.016493138
0.019399984
0.00563194
0.017861674
0.015836993
0.019489855
0.0062030447
0.017161505
0.017144537
0.019523378
0.0055480246
0.017687857
0.01947673
0.005625639
0.017600404
0.01743636
0.019489454
0.006574642
0.0178384
0.0168893
0.019505693
0.0064796302
0.017083734
0.019422263
0.017738989
0.017432394
0.017830383
0.01751144
0.019549962
0.0062156585
0.01719606
0.019423999
0.0061111697
0.017802253
0.017006505
0.019476619
0.0062426818
0.017920671
0.019499492
0.017769901
0.016931698
0.017253693
0.017068448
0.01952027
0.0058737877
0.017391985
0.019432655
0.0068745934
0.016680162
0.01784094
0.01952777
0.017893735
0.017435072
0.016539065
0.019509427
0.007124499
0.017748235
0.017428502
0.019525018
0.0058937226
0.016814854
0.016443474
0.019438468
0.0054725036
0.017894913
0.01722212
0.01948716
0.016398005
0.017549576
0.019477485
0.005897726
0.017036285
0.0163994
0.019421216
0.007355303
0.01757872
0.017725414
0.019515784
0.017793112
0.01669114
0.017546125
0.019516028
0.00600709
0.01707863
0.0162321
0.019429615
