0.011929194
0.010606583
0.018791264
0.018726055
0.018700304
0.018642507
0.0182946
0.018322106
0.010676809
0.018655928
0.018904747
0.018625172
0.018595746
0.018568723
0.018623145
0.018330285
0.018173363
0.018864363
0.010839534
0.01129182
0.018847598
0.018838737
0.01855583
0.018367076
0.018943995
0.018577917
0.0086747175
0.01880393
0.018815098
0.018518478
0.01865535
0.018622769
0.018891083
0.018460155
0.018396016
0.018642904
0.0071536126
0.0063943933
0.016047241
0.01933328
0.0067098257
0.0058173253
0.016689053
0.017012754
0.015353989
0.019460434
0.006616735
0.015825562
0.016950136
0.016204434
0.015504646
0.019479154
0.006107452
0.016380906
0.016756563
0.015592212
0.01726953
0.019486394
0.006853211
0.006172092
0.017547231
0.019485462
0.0051275343
0.01711755
0.015748722
0.015060349
0.019496871
0.006312257
0.0058317725
0.016647048
0.016231757
0.019478917
0.0054304656
0.016650563
0.016266253
0.017205283
0.019489055
0.00566916
0.017491234
0.015636418
0.019494986
0.006797028
0.0056570503
0.016805511
0.016577788
0.019516505
0.0053609544
0.016737288
0.015412095
0.016882662
0.019508079
0.0071081556
0.016153775
0.015530153
0.019410834
0.005670063
0.014959025
0.015716985
0.017316693
0.019520333
0.0049814805
0.016702443
0.015305129
0.017755754
0.019509094
0.00626793
0.016990798
0.016874691
0.019468032
0.00661075
0.006681654
0.016096527
0.019392917
0.0055791414
0.017539937
0.015739456
0.019491846
0.0057344544
0.01661388
0.016367598
0.019493753
0.00663666
0.0175
0.019431511
0.0060016806
0.01736648
0.01656994
0.019489301
0.0060154307
0.01742224
0.016572375
0.019468015
0.007302265
0.016721718
0.019383619
0.017369624
0.016872311
0.017564222
0.016922042
0.019547077
0.006420635
0.017164327
0.019432958
0.006234767
0.017658854
0.01696375
0.019474614
0.0059049884
0.01774458
0.019486723
0.01722777
0.016099263
0.016621962
0.01615214
0.019514306
0.0063517536
0.017251452
0.019443467
0.0072725257
0.015837954
0.017569738
0.019485962
0.01741651
0.016707722
0.016041528
0.01949842
0.006206274
0.017646005
0.016838692
0.019542383
0.006016243
0.016885519
0.015930278
0.019422054
0.005863944
0.017441109
0.016793497
0.019489508
0.016251942
0.017220007
0.019457748
0.0071041784
0.016591873
0.016065922
0.019427832
0.006148594
0.016993426
0.017607765
0.019523442
0.01735815
0.015860664
0.016896049
0.019503104
0.00684613
0.01660192
0.015822362
0.019423196
