0.013799397
0.012851992
0.018767087
0.018907208
0.01876597
0.01864168
0.018500498
0.018131895
0.013839266
0.018880364
0.01887027
0.018340927
0.018728051
0.018546695
0.018754784
0.01864426
0.01812704
0.018855555
0.013929995
0.0127215935
0.018864471
0.018854907
0.018754032
0.018542785
0.018860742
0.01860252
0.012643721
0.018747114
0.018873813
0.018310055
0.018687489
0.018546393
0.018905587
0.018630747
0.018454062
0.018550806
0.010476629
0.009583811
0.017210094
0.019333238
0.010462029
0.009314641
0.017827151
0.01782724
0.017271055
0.019465439
0.010372323
0.0176467
0.018049063
0.017966688
0.01732201
0.019519575
0.009385702
0.017713174
0.017871039
0.017291903
0.018176146
0.019490847
0.010496907
0.009395892
0.018323028
0.019554522
0.009238033
0.018237155
0.017828112
0.017391602
0.019549979
0.010216515
0.009360058
0.018094797
0.017851448
0.01951996
0.010095938
0.017987696
0.017989006
0.018151507
0.01953857
0.008614209
0.018291883
0.017385203
0.019550823
0.010065571
0.008837027
0.018307352
0.018164214
0.019546969
0.009075385
0.018202808
0.01736637
0.017937101
0.019521963
0.010567816
0.017854517
0.01726636
0.019464573
0.009232002
0.0178686
0.017156051
0.01836921
0.019572122
0.008961315
0.017658217
0.017107617
0.01829305
0.019557374
0.010195381
0.018141484
0.017814543
0.019523665
0.0105637815
0.00930414
0.017757213
0.019465175
0.009338429
0.018468387
0.017208021
0.019553475
0.010286544
0.018256238
0.017986024
0.019552594
0.0095063215
0.018350601
0.01949018
0.010291044
0.018517423
0.0176185
0.019549424
0.008886219
0.018353587
0.018051073
0.019531341
0.0105913635
0.01770201
0.019398896
0.018192897
0.017903512
0.018295916
0.018095845
0.019584443
0.010574691
0.018192774
0.01950096
0.008979329
0.018337658
0.017678957
0.01951548
0.01052742
0.01841852
0.019518618
0.018278852
0.017756213
0.017816458
0.018048756
0.019550823
0.008961689
0.018006343
0.01944716
0.010797321
0.01761209
0.018365681
0.019537484
0.018313602
0.018026672
0.017753283
0.019525792
0.0104258135
0.018332668
0.018096242
0.019566456
0.009025582
0.017953338
0.01732272
0.019421894
0.010414571
0.018269109
0.0179782
0.019511586
0.01784202
0.018119417
0.019486781
0.009139268
0.017723726
0.01725256
0.019410392
0.010454919
0.017820494
0.018373352
0.019552195
0.018331729
0.01784368
0.0179527
0.019547084
0.009250756
0.01773351
0.017339692
0.01943689
