-0.281308
-0.2789929
-0.36502683
-0.36258137
-0.38339284
-0.33264366
-0.37629288
-0.35830453
-0.30594465
-0.35860947
-0.4232765
-0.41309032
-0.36808264
-0.37265202
-0.32965574
-0.3348806
-0.4017525
-0.36312997
-0.27918047
-0.27992347
-0.2894584
-0.35316452
-0.2828619
-0.3058743
-0.324641
-0.33018655
-0.2521346
-0.37546068
-0.3828547
-0.3650545
-0.35174793
-0.3703522
-0.3856087
-0.3220619
-0.34403327
-0.3676238
-0.20310327
-0.20188873
-0.23790467
-0.2597736
-0.22711639
-0.22221316
-0.2656272
-0.27186903
-0.24392618
-0.39587793
-0.19270381
-0.17121723
-0.2066691
-0.27836576
-0.19398624
-0.40642557
-0.21708655
-0.21882819
-0.25547507
-0.22035462
-0.26309618
-0.37885484
-0.15876505
-0.13966948
-0.25986513
-0.25439683
-0.10617387
-0.25563475
-0.15929763
-0.12462177
-0.31852382
-0.1637512
-0.17661141
-0.25689512
-0.2031572
-0.3003766
-0.1081964
-0.17106666
-0.2286144
-0.170262
-0.3347978
-0.03784414
-0.2520998
-0.09057941
-0.25176218
-0.24092445
-0.23547995
-0.24539682
-0.035902288
-0.40801117
-0.1557747
-0.2531258
-0.19024353
-0.20923677
-0.2887894
-0.16686814
-0.24311124
-0.19676849
-0.23557754
-0.12208493
-0.2449701
-0.14291282
-0.18651468
-0.35326773
-0.17564964
-0.2325959
-0.21641368
-0.25677502
-0.33928055
-0.09895999
-0.19281329
-0.16701066
-0.19901232
-0.16732055
-0.1746512
-0.26432255
-0.22457299
-0.06835345
-0.26467746
-0.06092114
-0.14054789
-0.17189789
-0.21082483
0.00044923695
-0.3697606
-0.09070323
-0.19841005
-0.1443009
-0.07090672
-0.25042686
-0.03959358
-0.24081688
-0.12012571
-0.06089107
-0.21210049
-0.2994167
-0.13170294
-0.18476686
-0.15213
-0.18458423
-0.16762216
-0.1976363
-0.20209394
-0.29478088
-0.004481523
-0.21277794
-0.12460854
-0.18119599
-0.24441928
-0.19836612
-0.22837034
0.052419096
-0.21280657
-0.122893624
-0.13213016
-0.17286675
-0.19893669
-0.2226656
-0.34735087
-0.13586205
-0.19064182
-0.14822406
-0.16607302
-0.17497739
-0.24322177
-0.24162808
-0.16286243
-0.17582388
-0.15993778
-0.22593726
-0.15189831
-0.23326167
-0.19584268
-0.22424991
-0.18875052
-0.22536507
-0.22783285
-0.26541612
-0.13712457
-0.18858647
-0.21363337
-0.22713028
-0.15898612
-0.10970067
-0.11850087
-0.17984349
-0.21991089
-0.22967367
-0.2637643
-0.12777798
-0.18443353
-0.18533732
-0.24607256
-0.17150052
-0.19839548
-0.17592509
-0.21119533
-0.18882942
-0.22653867
-0.219832
-0.26034877
