-0.019990137
-0.01999348
-0.019998796
-0.019997494
-0.019998884
-0.019999055
-0.019999124
-0.02000288
-0.019991359
-0.019997267
-0.019998778
-0.019999726
-0.019999761
-0.020003825
-0.019995952
-0.019998768
-0.02000304
-0.02000134
-0.019991504
-0.019994564
-0.019998265
-0.019999271
-0.019996049
-0.019999597
-0.020001853
-0.019999364
-0.019992879
-0.019998437
-0.019997751
-0.019998727
-0.019998819
-0.020003505
-0.019995911
-0.019998051
-0.01999828
-0.019997928
-0.01999016
-0.019992806
-0.020001566
-0.019994391
-0.019992042
-0.019997625
-0.019999942
-0.020001968
-0.020004984
-0.01999896
-0.01999185
-0.019998638
-0.020003282
-0.020000054
-0.020003518
-0.019993078
-0.019994358
-0.019999929
-0.020002281
-0.020000303
-0.01999869
-0.020001775
-0.019988785
-0.019989617
-0.019999776
-0.019992609
-0.019993804
-0.019995736
-0.019999286
-0.020003464
-0.019997414
-0.01999053
-0.019994164
-0.019998478
-0.0200056
-0.020001037
-0.019988863
-0.019999199
-0.01999324
-0.019993056
-0.020000419
-0.019990956
-0.019998658
-0.020002613
-0.019998662
-0.019990407
-0.019993536
-0.019996604
-0.019998936
-0.020001722
-0.019992225
-0.019999513
-0.020002566
-0.020000564
-0.01999819
-0.01998893
-0.019996293
-0.01999785
-0.019997384
-0.019996632
-0.019998878
-0.020004526
-0.020003285
-0.020006113
-0.019992426
-0.019994754
-0.019998476
-0.019998405
-0.019995399
-0.019993063
-0.020000588
-0.020005954
-0.019993275
-0.019992247
-0.019991713
-0.01999706
-0.01999837
-0.01999334
-0.01999789
-0.020003384
-0.019990157
-0.019992217
-0.019996457
-0.019999677
-0.020002533
-0.019990236
-0.019996889
-0.019992528
-0.019992014
-0.020002224
-0.020003932
-0.019996248
-0.019988494
-0.019997856
-0.020000508
-0.01999637
-0.01998867
-0.01999581
-0.019993551
-0.020002937
-0.020003624
-0.020003894
-0.019998193
-0.019994773
-0.019987412
-0.019990478
-0.020001348
-0.019991724
-0.019998344
-0.019996675
-0.019998597
-0.019989261
-0.020000882
-0.019998346
-0.019998675
-0.01999972
-0.020005131
-0.020001147
-0.019996662
-0.019992676
-0.020000203
-0.019996082
-0.019989075
-0.019994602
-0.019996254
-0.019996544
-0.019995175
-0.019999398
-0.01999822
-0.0199974
-0.019987259
-0.019999953
-0.019995421
-0.020002581
-0.019991018
-0.01999444
-0.019996537
-0.019991992
-0.019988602
-0.019997666
-0.019999556
-0.019997682
-0.019997893
-0.019998709
-0.020000486
-0.019994207
-0.019998139
-0.019999648
-0.019995721
-0.01999462
-0.020004822
-0.020001084
-0.019993624
-0.019996693
-0.019995958
-0.019996285
-0.019999878
-0.019989667
-0.019995715
-0.01999844
-0.019997332
