0.014528885
0.012905611
0.01879036
0.01883348
0.018745758
0.018653998
0.018565368
0.01816564
0.014229179
0.018828627
0.01890353
0.0183973
0.018719241
0.018467851
0.01881553
0.01868031
0.018163888
0.018902412
0.014207702
0.013183939
0.01883347
0.018880082
0.018787561
0.0185055
0.018913686
0.018573383
0.012644204
0.01875658
0.018877706
0.01845938
0.018733986
0.01844059
0.018884774
0.018647294
0.018561095
0.018622255
0.010448074
0.008156975
0.017136464
0.019341964
0.010230246
0.008489375
0.017738987
0.017688537
0.016811777
0.019464994
0.009979114
0.017417392
0.017750312
0.017837549
0.017014973
0.019512482
0.008428575
0.01752456
0.017688964
0.01695495
0.01792636
0.01950343
0.010065127
0.008415615
0.018009366
0.019530233
0.0082910415
0.017861962
0.017470125
0.016876511
0.019537672
0.01025459
0.008791188
0.017967125
0.017632464
0.019481463
0.009964089
0.017698783
0.017987372
0.017935293
0.019506738
0.008080784
0.018347079
0.01699413
0.019523358
0.009674016
0.007961905
0.01817317
0.017719647
0.019527487
0.007941157
0.017963668
0.016967295
0.01785662
0.019510979
0.009961351
0.017587634
0.01722715
0.019449921
0.008669742
0.01763882
0.016806133
0.017932316
0.019543745
0.008488657
0.017511966
0.016924478
0.018148331
0.01953898
0.009991939
0.018132033
0.017641338
0.019493718
0.010713912
0.00827589
0.017474402
0.019418178
0.008224559
0.018253122
0.01673241
0.01952767
0.01007675
0.017912794
0.017958583
0.019540317
0.008551833
0.018102646
0.019477382
0.010161712
0.01827073
0.01763041
0.019499483
0.008271349
0.018134648
0.017876538
0.01952754
0.010372151
0.017603206
0.019398607
0.018170577
0.017775849
0.018168977
0.017944956
0.019567275
0.010328173
0.017954271
0.019476881
0.00890335
0.01813401
0.01763716
0.019494003
0.010188095
0.018193865
0.019503955
0.018193854
0.017537355
0.017918756
0.017752199
0.019527799
0.008539056
0.017965613
0.019438686
0.00997337
0.017615333
0.018244985
0.019532964
0.018160064
0.017771514
0.017551733
0.019514604
0.01022474
0.018353889
0.017897572
0.019530786
0.008650168
0.017764095
0.016930472
0.019418407
0.009945742
0.018073525
0.017729932
0.019486753
0.017512774
0.017835777
0.019477658
0.008375477
0.01763281
0.017049829
0.019414058
0.009920085
0.01781401
0.018264795
0.019545758
0.01814275
0.017468983
0.017936887
0.019532368
0.008842714
0.017720845
0.016976353
0.019413516
