0.01136587
0.009053319
0.01892975
0.018935615
0.01870551
0.018747602
0.018463144
0.018210266
0.010103691
0.018798785
0.018916994
0.018480765
0.018701548
0.018614704
0.018567406
0.018396553
0.017846882
0.018976012
0.011191513
0.010266643
0.018821616
0.018882353
0.018597385
0.0183668
0.018934112
0.01869115
0.008420791
0.01876856
0.018832382
0.018386323
0.018653724
0.018581621
0.018955013
0.018432846
0.018249862
0.018682444
0.006687988
0.006134238
0.015796904
0.019361697
0.006398161
0.004977625
0.016643146
0.016908957
0.015442637
0.019496433
0.005703171
0.015633624
0.016469859
0.016060852
0.015259622
0.019516801
0.0055485596
0.016525988
0.01656403
0.015491673
0.016942505
0.019524835
0.005924179
0.0059824646
0.017866394
0.019524131
0.0046159565
0.017347679
0.015705042
0.01481282
0.019523457
0.005851053
0.00490173
0.016777188
0.016238868
0.019502664
0.0054112314
0.016853025
0.016431296
0.017001247
0.019496614
0.0044908817
0.01760488
0.015330686
0.019494833
0.0054498715
0.005158719
0.017014815
0.016016113
0.019506259
0.0050658034
0.016710766
0.014862149
0.016829574
0.019500956
0.007190857
0.016039528
0.015685918
0.0194251
0.0056655398
0.015506446
0.014959683
0.017249083
0.019534683
0.0053615007
0.016565071
0.0147649
0.017582087
0.019546
0.0055063874
0.016809674
0.01673048
0.01949897
0.0065606176
0.005900547
0.016125947
0.019413799
0.005333572
0.017520262
0.015096149
0.019518008
0.005363595
0.016659705
0.016284866
0.019527156
0.005992178
0.017637543
0.019450288
0.005619935
0.017270079
0.016043475
0.019492371
0.0045371903
0.01745583
0.016570773
0.019506566
0.006585734
0.016507436
0.019431435
0.017618535
0.016811794
0.017623989
0.01703627
0.019560054
0.0063722446
0.016851116
0.019459432
0.0061092777
0.017699119
0.016712256
0.019504359
0.00502732
0.017791748
0.019507328
0.017443307
0.016118784
0.016558815
0.016267622
0.019552704
0.0056862957
0.017310979
0.019445663
0.0064868703
0.015544167
0.017380944
0.019534437
0.017609065
0.016738925
0.015913466
0.019525006
0.0059281755
0.017484965
0.017030675
0.01954199
0.0066615166
0.016785545
0.015571292
0.019455127
0.006206573
0.01738366
0.01686059
0.01951874
0.015993014
0.017128967
0.0194647
0.0061313612
0.016698092
0.015437668
0.019435728
0.0067079193
0.016812837
0.017749527
0.019541241
0.017187329
0.015935417
0.017186081
0.019521572
0.006172119
0.016640348
0.015585509
0.019466458
