0.012800872
0.010437508
0.018928273
0.01891948
0.018787444
0.018768633
0.01858584
0.01836323
0.012039162
0.018854612
0.018955296
0.018590275
0.01879538
0.018668119
0.018916111
0.018554986
0.018294586
0.01902093
0.012261879
0.010196577
0.018939786
0.01902721
0.018931905
0.018725988
0.018986978
0.018745704
0.009600399
0.018826965
0.018919626
0.018530129
0.018792918
0.018658645
0.019050656
0.018594775
0.018342823
0.018761985
0.0076469365
0.006255749
0.016230922
0.019380119
0.0068798144
0.0055947914
0.016970675
0.017172135
0.015920168
0.019505486
0.006397648
0.0160124
0.017160933
0.016829133
0.0158812
0.019525984
0.005304008
0.016767379
0.017274287
0.015901243
0.017148351
0.019550515
0.006889421
0.006087316
0.01782093
0.019549191
0.0056215255
0.017166
0.016503835
0.015717685
0.019556826
0.0073724883
0.005887566
0.017056374
0.017040301
0.019511728
0.006562347
0.017213726
0.016972763
0.017509894
0.019540686
0.006338769
0.017795088
0.015801169
0.019509017
0.006295626
0.004643131
0.017337363
0.017075418
0.019538792
0.004735201
0.017050931
0.015964447
0.017387427
0.019535512
0.008022612
0.01660252
0.015739275
0.019460771
0.0057507697
0.016227866
0.015639272
0.017414993
0.019541504
0.0052625597
0.016850583
0.0155592
0.017747642
0.01955067
0.0068816757
0.017266827
0.01722404
0.019503344
0.0076089343
0.0062838583
0.016844865
0.019422434
0.005109349
0.017981132
0.015769137
0.019511953
0.007214076
0.017061032
0.017058915
0.01955535
0.006326636
0.017935783
0.01948265
0.0074462714
0.01754718
0.017062178
0.019526351
0.006148282
0.017705543
0.016920593
0.019532334
0.0072511374
0.017181516
0.019429775
0.017805088
0.017047135
0.017692497
0.017588941
0.019588228
0.0070851697
0.017342046
0.01946235
0.005979965
0.017656062
0.01698547
0.019502396
0.0070137973
0.017807296
0.01952666
0.01786988
0.016932907
0.017076138
0.017041447
0.019552696
0.00529736
0.017748242
0.019474525
0.008221856
0.016397744
0.017901275
0.019527713
0.017762303
0.016948663
0.016419822
0.019549817
0.0068516764
0.0177455
0.017316971
0.01954937
0.0065661343
0.016862197
0.015864441
0.019453509
0.007978097
0.017790925
0.017010912
0.019531138
0.016604971
0.017364413
0.019514348
0.00545006
0.016910123
0.016119283
0.019442145
0.0073136147
0.017210161
0.017754018
0.019544033
0.017583797
0.016266923
0.01733733
0.019530063
0.0062284493
0.017106049
0.016165774
0.019448979
