-0.2945768
-0.29939222
-0.38837898
-0.36448345
-0.37697932
-0.33916494
-0.37433153
-0.3641725
-0.32060885
-0.37398738
-0.4269671
-0.4373566
-0.37829867
-0.41409665
-0.35591063
-0.35467663
-0.41451803
-0.393673
-0.29524517
-0.2999728
-0.291791
-0.36846483
-0.28655687
-0.33647078
-0.34768513
-0.34864962
-0.2525538
-0.39356202
-0.3792179
-0.3773715
-0.36091006
-0.37725604
-0.38107067
-0.32481086
-0.34528333
-0.40649036
-0.20837462
-0.19533232
-0.24790879
-0.2561028
-0.21855247
-0.2083199
-0.2646332
-0.2695763
-0.23778653
-0.4060679
-0.17596911
-0.1872012
-0.22624767
-0.26884213
-0.20634243
-0.4065084
-0.2093439
-0.23706351
-0.24768387
-0.24165569
-0.26372042
-0.38090461
-0.17171997
-0.14138576
-0.25271565
-0.24842788
-0.101868205
-0.24762769
-0.16399062
-0.1207485
-0.32311177
-0.15610659
-0.14846516
-0.23534338
-0.20476253
-0.2915113
-0.104868904
-0.17092015
-0.22384244
-0.17278048
-0.3351451
-0.041234136
-0.2460095
-0.09347042
-0.27128106
-0.2686798
-0.24166553
-0.2649319
-0.035643723
-0.4058197
-0.16491981
-0.25470045
-0.19694023
-0.21134816
-0.28523305
-0.16470587
-0.23808162
-0.18947284
-0.24404642
-0.109144755
-0.24090491
-0.14723748
-0.18212107
-0.35532492
-0.17859401
-0.22038828
-0.21944694
-0.26010606
-0.3311736
-0.10038028
-0.20765448
-0.15665361
-0.19108249
-0.17396936
-0.1699484
-0.25323147
-0.22004412
-0.05628877
-0.24672772
-0.05057067
-0.13947117
-0.17237423
-0.20621087
-0.00161744
-0.3731005
-0.09870481
-0.19307595
-0.13839814
-0.066158906
-0.25790566
-0.06632005
-0.26184118
-0.116073385
-0.059064176
-0.20603082
-0.30171975
-0.13412172
-0.18210247
-0.14829151
-0.18733002
-0.1750114
-0.21019517
-0.18698575
-0.2918813
1.9349682e-05
-0.21263279
-0.11476375
-0.17743817
-0.2451104
-0.20502813
-0.2252855
0.043438934
-0.22062196
-0.12598044
-0.12240997
-0.18513384
-0.20141035
-0.2148667
-0.34850758
-0.1260141
-0.19916768
-0.14744832
-0.16446063
-0.15842457
-0.23986112
-0.23755743
-0.1622642
-0.17318152
-0.17033906
-0.22768123
-0.1453446
-0.22888897
-0.18213466
-0.22728817
-0.17956796
-0.22755781
-0.22511148
-0.2673394
-0.14118701
-0.19454002
-0.21003927
-0.22650547
-0.16448489
-0.11131646
-0.120008565
-0.18273671
-0.22906263
-0.22273785
-0.26304793
-0.12486467
-0.18483685
-0.18241054
-0.23726687
-0.18142179
-0.19227716
-0.17949864
-0.20637567
-0.17095722
-0.2179947
-0.22034998
-0.266824
