-0.019999422
-0.020006174
-0.019999044
-0.020002559
-0.019999152
-0.020002276
-0.019999335
-0.019992532
-0.019995855
-0.020000959
-0.019998215
-0.019988786
-0.019996466
-0.019998034
-0.019992746
-0.01999894
-0.019991867
-0.019998869
-0.019998908
-0.020004949
-0.020003155
-0.0199986
-0.019992815
-0.019997476
-0.020002121
-0.019996028
-0.020003675
-0.019999415
-0.019998739
-0.019990226
-0.019996187
-0.019997327
-0.0199916
-0.02000181
-0.019995173
-0.0199966
-0.01999507
-0.020004714
-0.019983234
-0.019994397
-0.019995136
-0.020002615
-0.019988438
-0.020001026
-0.019995496
-0.01999031
-0.0199897
-0.01998429
-0.019993281
-0.019988732
-0.01998229
-0.01998948
-0.020004429
-0.019985724
-0.019997278
-0.019994928
-0.019996174
-0.01999633
-0.019993031
-0.020007886
-0.019996848
-0.019984111
-0.020007432
-0.01999584
-0.019997697
-0.019991234
-0.01999182
-0.01999355
-0.020006279
-0.019994294
-0.01999409
-0.019986447
-0.020002654
-0.019999608
-0.020004045
-0.020004215
-0.019986965
-0.020005982
-0.020002887
-0.019993508
-0.019993274
-0.019987583
-0.019995179
-0.019985681
-0.019987006
-0.01998269
-0.020010954
-0.020004025
-0.019996647
-0.020001851
-0.019992111
-0.020003684
-0.020003963
-0.020003758
-0.019998103
-0.02000692
-0.020004801
-0.019999012
-0.020004127
-0.019992467
-0.020010106
-0.019995676
-0.019992763
-0.020001724
-0.019984826
-0.019995816
-0.020000927
-0.019991005
-0.019995261
-0.019999286
-0.020003207
-0.0200032
-0.019996095
-0.019996567
-0.020003388
-0.019987201
-0.019985985
-0.019992739
-0.019984834
-0.019988384
-0.019988548
-0.020003427
-0.019994922
-0.019992623
-0.019994287
-0.020004852
-0.01998865
-0.019989414
-0.020006757
-0.020001028
-0.020009197
-0.019995699
-0.019991912
-0.019981757
-0.01999273
-0.01999804
-0.020001631
-0.019997234
-0.019993681
-0.019986711
-0.019993655
-0.019996036
-0.019990003
-0.02000008
-0.01999835
-0.019987661
-0.019997234
-0.019996088
-0.02000298
-0.019986989
-0.019998718
-0.019990794
-0.019999137
-0.020006409
-0.01999325
-0.020000529
-0.01999926
-0.02000162
-0.01999519
-0.019991111
-0.019999778
-0.019993914
-0.02000195
-0.019999517
-0.020002326
-0.019995756
-0.019991986
-0.019996079
-0.019994838
-0.019993363
-0.019994104
-0.019984389
-0.019993812
-0.019997453
-0.020000868
-0.020001508
-0.020005507
-0.019999063
-0.0199997
-0.019994365
-0.019991944
-0.020005384
-0.019992933
-0.019997273
-0.019991376
-0.01999429
-0.019996053
-0.019998522
-0.019996626
-0.020002704
-0.019995272
-0.020003308
-0.01998916
-0.019994596
-0.019987993
-0.019987088
-0.020001732
