-0.29270047
-0.29706854
-0.3787299
-0.3665406
-0.38332403
-0.34290403
-0.37737095
-0.36241645
-0.28390744
-0.3776582
-0.40397277
-0.42014167
-0.3931179
-0.39726424
-0.31465253
-0.3407688
-0.41495657
-0.38394308
-0.27962735
-0.30380616
-0.29921877
-0.38372943
-0.28021717
-0.33726925
-0.34172425
-0.34493265
-0.26531705
-0.3991361
-0.39824736
-0.389331
-0.36149764
-0.3795527
-0.38109213
-0.32735395
-0.36169052
-0.37854594
-0.20438227
-0.19260168
-0.24079034
-0.26535946
-0.22630863
-0.21906674
-0.25601697
-0.27583313
-0.23099306
-0.39076903
-0.18878418
-0.18009
-0.22685206
-0.27446792
-0.20569293
-0.39625135
-0.20541948
-0.2297965
-0.2391268
-0.23959139
-0.26674405
-0.37464347
-0.1738419
-0.13811447
-0.2576448
-0.25323275
-0.109106705
-0.25930014
-0.17276596
-0.120805494
-0.3171645
-0.15496555
-0.15783505
-0.25467435
-0.20744133
-0.3007574
-0.11172415
-0.17399062
-0.22467698
-0.1715462
-0.32521653
-0.042394187
-0.26408508
-0.08728368
-0.26634818
-0.2474286
-0.23471378
-0.26315436
-0.03784603
-0.40606645
-0.1653105
-0.25212184
-0.19316511
-0.20873708
-0.28672275
-0.17336188
-0.23884179
-0.18926725
-0.24159664
-0.12842253
-0.22731915
-0.1420425
-0.18556696
-0.34901753
-0.17717259
-0.216594
-0.21665809
-0.27632377
-0.33641103
-0.11037743
-0.20027328
-0.16629381
-0.19836643
-0.1729044
-0.16824484
-0.25140393
-0.23504648
-0.05678474
-0.26302642
-0.060510382
-0.13981527
-0.17374223
-0.21830969
0.000548823
-0.3787902
-0.0931061
-0.19106135
-0.14652191
-0.079962425
-0.244716
-0.05800618
-0.24704938
-0.11594855
-0.059876293
-0.20876107
-0.29712173
-0.13555896
-0.19439088
-0.15642637
-0.18293963
-0.18527657
-0.21050477
-0.19022056
-0.30031666
-0.011027292
-0.21180734
-0.123316064
-0.18315597
-0.24184589
-0.20138164
-0.23579937
0.0438397
-0.22593646
-0.12391136
-0.14779681
-0.19132307
-0.21037836
-0.23247232
-0.34312725
-0.13415885
-0.19579735
-0.15228528
-0.16319305
-0.17363031
-0.22859128
-0.24900918
-0.16250703
-0.1739057
-0.17457211
-0.22791341
-0.15014152
-0.22457649
-0.1968945
-0.22290428
-0.17720616
-0.22202636
-0.21967524
-0.27373046
-0.13714935
-0.19618303
-0.2070623
-0.2264872
-0.16937712
-0.10710001
-0.122321345
-0.19075641
-0.22648548
-0.2283032
-0.26877096
-0.12187171
-0.18137638
-0.1936808
-0.24120896
-0.18920654
-0.19482252
-0.17780806
-0.21726921
-0.17969298
-0.21811634
-0.21882968
-0.2683535
