0.01107054
0.00925055
0.018954866
0.018940266
0.01880313
0.018754229
0.018716205
0.018044995
0.0086941905
0.018877577
0.018933315
0.01864799
0.018663194
0.018581633
0.01877087
0.018519172
0.018022763
0.018992996
0.010918306
0.009645874
0.01887683
0.018928027
0.018671125
0.018456336
0.018969014
0.018640049
0.0075297705
0.018819429
0.018885965
0.018523676
0.018576086
0.01855749
0.018905494
0.018493278
0.018473174
0.01865627
0.0077977832
0.0070912777
0.015578264
0.019386513
0.00709837
0.005677074
0.016490048
0.017012093
0.015429058
0.019485105
0.005473238
0.014910986
0.016667511
0.016403308
0.014619395
0.019525481
0.005685537
0.016042707
0.016653262
0.015280156
0.01724284
0.019517206
0.006724191
0.0061024386
0.01779477
0.019509917
0.004076383
0.017344356
0.015503477
0.01451881
0.019495679
0.005847393
0.0055606277
0.016852291
0.01598589
0.01950436
0.005306288
0.016691891
0.016946597
0.017071258
0.019533096
0.00504997
0.017752955
0.0148030035
0.019515187
0.0043339697
0.0036697173
0.016735945
0.016068043
0.019540807
0.004971839
0.016977355
0.014833093
0.016993834
0.019514512
0.0065878043
0.016732685
0.015156238
0.019418217
0.0055197943
0.015616982
0.014638472
0.017252997
0.019536462
0.005816346
0.016520884
0.014871705
0.017738394
0.019549696
0.0060554203
0.01715021
0.01711608
0.019504568
0.006807164
0.0064170593
0.016512455
0.019442972
0.0053855176
0.017903052
0.014990016
0.019483844
0.0055887317
0.016779266
0.01616133
0.019541651
0.006883273
0.017679466
0.019468106
0.0058320337
0.017709458
0.016760878
0.01951089
0.0055387057
0.017300755
0.016591791
0.019506512
0.007761498
0.016796716
0.019417794
0.017380657
0.01609488
0.01743224
0.016596656
0.019570945
0.0063505718
0.01732736
0.01946058
0.006403646
0.017441569
0.016714478
0.019520517
0.005718705
0.017726231
0.019498132
0.017038804
0.015829591
0.016155552
0.016487643
0.019553112
0.0066371327
0.01742055
0.019463358
0.006686229
0.015791418
0.017383046
0.019515462
0.017371278
0.016578358
0.015877085
0.019511253
0.006443444
0.017590275
0.017193824
0.019537317
0.0065357895
0.016839031
0.0155693265
0.019426484
0.0064888364
0.017484011
0.016888114
0.019512607
0.016434137
0.017282072
0.01948918
0.006497471
0.016598828
0.015755767
0.019455785
0.0066011786
0.016989041
0.017743854
0.019538354
0.017302988
0.016079653
0.016805617
0.019528216
0.006314827
0.016954826
0.015066918
0.019443126
