-0.28715852
-0.28591105
-0.3764852
-0.370826
-0.37019974
-0.33628544
-0.36698782
-0.36631626
-0.32913855
-0.34327757
-0.41533577
-0.4152149
-0.3719088
-0.3725352
-0.33605543
-0.34556046
-0.40916628
-0.34573486
-0.28268299
-0.28147528
-0.29219306
-0.36361715
-0.29180112
-0.28402877
-0.3265445
-0.3429496
-0.2671349
-0.3763822
-0.3825996
-0.35383737
-0.34409025
-0.37855342
-0.36450574
-0.31759647
-0.3243696
-0.3983892
-0.202194
-0.20049547
-0.23825644
-0.26136523
-0.21328668
-0.19977085
-0.23333904
-0.27764776
-0.23583299
-0.4020313
-0.18459296
-0.19255778
-0.22020163
-0.27063257
-0.20157483
-0.40362632
-0.196351
-0.2195451
-0.25147817
-0.2410083
-0.259405
-0.3743504
-0.15756263
-0.13249436
-0.26524112
-0.24082741
-0.10126834
-0.25007817
-0.16758403
-0.12073124
-0.335336
-0.1667038
-0.14521946
-0.2439007
-0.19846085
-0.2978232
-0.104487896
-0.17183958
-0.23320673
-0.16995576
-0.33707994
-0.044662442
-0.26175863
-0.088788755
-0.2614923
-0.25326282
-0.2419591
-0.25818542
-0.034243602
-0.41637337
-0.17160283
-0.25631574
-0.18867673
-0.20882916
-0.28656211
-0.15718271
-0.2421496
-0.18557104
-0.23945734
-0.121820144
-0.23443247
-0.15187462
-0.1834843
-0.3507583
-0.18871282
-0.21200903
-0.20201062
-0.268958
-0.337451
-0.09968228
-0.19878602
-0.15700531
-0.18973081
-0.16284062
-0.15757656
-0.26447365
-0.22841096
-0.05322143
-0.25920585
-0.061115034
-0.13294122
-0.17798176
-0.2087642
-0.00250488
-0.37337035
-0.10289179
-0.19697852
-0.14083779
-0.07422005
-0.24743529
-0.052685864
-0.24679554
-0.11985021
-0.059053022
-0.21173106
-0.30680597
-0.12808001
-0.19967836
-0.14016892
-0.17376888
-0.1682544
-0.20371202
-0.19342631
-0.3065656
-0.00636851
-0.20847508
-0.13239305
-0.17438358
-0.24043326
-0.20218712
-0.2307816
0.050550614
-0.21512356
-0.13011655
-0.12490573
-0.1690239
-0.19084764
-0.21367551
-0.3467636
-0.13135321
-0.20199704
-0.14370748
-0.16623156
-0.16840611
-0.24179113
-0.24210744
-0.1649882
-0.180334
-0.17469138
-0.22948025
-0.1482184
-0.23235004
-0.19051825
-0.22281525
-0.17692432
-0.21901098
-0.22434652
-0.25831464
-0.13154294
-0.19420716
-0.22496341
-0.23310538
-0.1705439
-0.117258064
-0.11783506
-0.1942684
-0.22873694
-0.22641505
-0.26946735
-0.12637165
-0.18056503
-0.19212088
-0.24062778
-0.18364207
-0.19312409
-0.18048038
-0.21408713
-0.16728777
-0.23307708
-0.21609691
-0.25772485
