-0.28458837
-0.30435413
-0.36000574
-0.34975702
-0.3683385
-0.34230292
-0.363908
-0.3659332
-0.30162746
-0.358905
-0.40233904
-0.39830846
-0.36722046
-0.38135216
-0.31426543
-0.36305338
-0.39774355
-0.38116327
-0.27748716
-0.29180402
-0.30252388
-0.36187726
-0.284618
-0.2862197
-0.303706
-0.3416469
-0.25026277
-0.37589842
-0.3820254
-0.36309546
-0.3499424
-0.37967554
-0.3583316
-0.3024471
-0.35921493
-0.37209925
-0.21217139
-0.20028135
-0.24692132
-0.2572646
-0.22648701
-0.22389288
-0.25406286
-0.28965187
-0.24325928
-0.39823815
-0.18634176
-0.1858667
-0.20451474
-0.27527544
-0.1919654
-0.3910563
-0.21325399
-0.22434863
-0.26497567
-0.25124913
-0.27592796
-0.36937773
-0.15347165
-0.14523534
-0.2676758
-0.24374595
-0.100002974
-0.26174387
-0.16691501
-0.1154804
-0.3012948
-0.17607205
-0.17691499
-0.25855747
-0.21383789
-0.2914559
-0.11559144
-0.1813447
-0.24158016
-0.17560954
-0.30529878
-0.049881954
-0.2722076
-0.08644294
-0.2570913
-0.24324074
-0.23124377
-0.26742262
-0.04892113
-0.39431345
-0.18829864
-0.26203787
-0.19975998
-0.22383662
-0.2869722
-0.17401186
-0.24837221
-0.2083089
-0.23582293
-0.12367568
-0.24860343
-0.14605652
-0.1943148
-0.33362806
-0.18732516
-0.23579757
-0.21470445
-0.26765358
-0.32433045
-0.13834289
-0.22117196
-0.16857323
-0.19818667
-0.18190321
-0.17471126
-0.26692703
-0.21486041
-0.05056071
-0.26756516
-0.042904958
-0.121597506
-0.16784853
-0.21762246
-0.015848348
-0.3652522
-0.10571697
-0.20092593
-0.13837707
-0.07715168
-0.25809377
-0.05477639
-0.23277903
-0.119497225
-0.068012685
-0.2231343
-0.28063577
-0.14595672
-0.19867961
-0.15060306
-0.18032682
-0.1938395
-0.21444115
-0.2125985
-0.2969509
-0.010448313
-0.21455246
-0.11382484
-0.17776583
-0.24268611
-0.21380857
-0.22812712
0.045043405
-0.22137801
-0.11518594
-0.17201743
-0.18706419
-0.19750494
-0.23345293
-0.3322517
-0.13210355
-0.19659266
-0.14480963
-0.17193791
-0.16664557
-0.2542864
-0.23944852
-0.17027022
-0.17652461
-0.17327285
-0.22061907
-0.14468366
-0.24155506
-0.2019637
-0.21929263
-0.1913509
-0.22223419
-0.22539243
-0.26659665
-0.14794001
-0.19615296
-0.22043395
-0.22281475
-0.17018287
-0.12311052
-0.12000554
-0.19175586
-0.22817469
-0.23125316
-0.2620937
-0.13153344
-0.19747841
-0.1919508
-0.23652434
-0.18100242
-0.20125215
-0.17602296
-0.20402727
-0.19313537
-0.22880566
-0.22823176
-0.2572947
