0.01462109
0.013623551
0.0188383
0.0190066
0.01889044
0.018815942
0.018743418
0.018299056
0.014179247
0.018945381
0.019003754
0.018635273
0.018856708
0.018730676
0.018920546
0.0188144
0.018334728
0.018916698
0.014479125
0.014274202
0.018954819
0.019027928
0.018908096
0.018603029
0.018928923
0.018814344
0.01352679
0.018824767
0.018986827
0.018558986
0.018846396
0.018704645
0.01906626
0.018767923
0.01860908
0.018830165
0.01014246
0.010088871
0.016849397
0.019378124
0.010142196
0.009013437
0.01758759
0.017823758
0.017223306
0.019516718
0.009173816
0.017247282
0.017854454
0.017847124
0.01715714
0.019544931
0.008842486
0.017472778
0.0177526
0.01682667
0.017878348
0.019535787
0.0094195865
0.008437296
0.018335903
0.019538505
0.0089578135
0.018075641
0.017478645
0.017009674
0.019586287
0.00925241
0.00911618
0.017871432
0.017430164
0.019537773
0.0091741355
0.017793626
0.017643653
0.017958652
0.019545179
0.008282667
0.01829919
0.016949214
0.019551486
0.00873057
0.008758201
0.017991569
0.01785058
0.019579988
0.008779559
0.018054564
0.01682779
0.01786548
0.019549822
0.009784895
0.01738144
0.01719433
0.019482287
0.009120495
0.017520275
0.016810866
0.018046163
0.019569375
0.008827066
0.017633513
0.017019777
0.018209882
0.019549081
0.009005844
0.018117404
0.01790432
0.019549828
0.0092881685
0.009551945
0.017521549
0.01947005
0.008851935
0.018161686
0.016730469
0.019552719
0.009196687
0.017973255
0.017829716
0.019560715
0.009184049
0.01829471
0.019501908
0.009237565
0.018183704
0.017561482
0.01955929
0.009165537
0.018233716
0.017620908
0.019556059
0.009705582
0.017662914
0.019415893
0.018298024
0.017747987
0.01828744
0.01797102
0.01960547
0.010060556
0.017991208
0.01952048
0.009069693
0.018319493
0.017608773
0.01952977
0.009381798
0.01832997
0.01956976
0.018163815
0.017503014
0.017752137
0.017876204
0.019590149
0.009581289
0.017921494
0.019478237
0.009848321
0.017315911
0.018042712
0.019569857
0.018106753
0.017636608
0.017613932
0.019539941
0.009354847
0.018217042
0.018025482
0.019562308
0.0093656285
0.017670652
0.017026689
0.019451391
0.009407395
0.01811099
0.017615875
0.019529836
0.017396467
0.018005027
0.019506633
0.01002447
0.017790446
0.017302593
0.019447133
0.009687542
0.017736882
0.018292837
0.01956144
0.01812663
0.017500827
0.01782548
0.019562004
0.009495077
0.017569223
0.016849838
0.019461136
