0.012759902
0.010777403
0.01893222
0.018858958
0.01872692
0.018614605
0.018435575
0.018391317
0.010969661
0.018860387
0.01888636
0.018544257
0.018738585
0.018650014
0.018639207
0.018651273
0.018222246
0.018915828
0.011264367
0.011392198
0.018922908
0.01887906
0.018590216
0.018275345
0.018937636
0.018795816
0.009929154
0.01886832
0.018807514
0.018365938
0.018714951
0.01863151
0.019070068
0.01863804
0.018293949
0.018762656
0.0075365454
0.0066074394
0.016195096
0.019351106
0.0076414347
0.0062908456
0.016733717
0.017134702
0.015874185
0.019492596
0.006287685
0.01629287
0.016822213
0.016556634
0.015613007
0.019524178
0.005891566
0.016626637
0.017109321
0.015795095
0.01715758
0.019531986
0.006641587
0.0055455077
0.017874958
0.019505115
0.0049860817
0.016840782
0.015837878
0.015165082
0.019536277
0.0061927824
0.005760501
0.01694121
0.01677832
0.019501287
0.006963386
0.016728025
0.016748123
0.017251508
0.01951741
0.0052702636
0.017463021
0.015473201
0.019494608
0.007195761
0.0055191037
0.017051931
0.01675152
0.019521844
0.005922304
0.016921392
0.0154253235
0.017382829
0.01951522
0.0073684356
0.016482452
0.01559741
0.019434134
0.0059088864
0.016057767
0.015693523
0.017671905
0.019541614
0.0061479416
0.016639682
0.015609037
0.017801391
0.019536333
0.0064577335
0.016939348
0.016906379
0.019502101
0.0068945196
0.0073513133
0.016499972
0.019400915
0.005723471
0.017794952
0.015505608
0.019498127
0.0060783527
0.016994253
0.016845409
0.019525742
0.0061288313
0.017854655
0.019489639
0.0069436594
0.017400188
0.016494866
0.019506114
0.0054610856
0.017645696
0.016387938
0.019517178
0.0075888676
0.017105354
0.019411046
0.0174939
0.016779255
0.01747027
0.016842008
0.019580012
0.006499235
0.01698878
0.019469311
0.006015266
0.017743982
0.016476512
0.01951004
0.0072963433
0.017684568
0.019497111
0.017720588
0.016273012
0.016904699
0.016550481
0.019554509
0.006360983
0.017516686
0.019463234
0.007690532
0.015820239
0.01763538
0.019537708
0.017797373
0.01691746
0.015988525
0.019539071
0.005955406
0.017497024
0.017004937
0.019542145
0.0061823097
0.016725812
0.015738573
0.019429762
0.0075878506
0.017625937
0.016999414
0.019521108
0.01603821
0.017375441
0.01950449
0.006052098
0.016938759
0.01596945
0.019431958
0.0064379685
0.016750567
0.017704727
0.019541895
0.017392905
0.01631254
0.017084232
0.01952547
0.0066594365
0.016875092
0.015708853
0.019412845
