0.01297638
0.011808135
0.018763393
0.018801838
0.018724376
0.018637752
0.018446125
0.018293247
0.012122379
0.018804915
0.01888498
0.018570267
0.018739402
0.018552782
0.018659921
0.018596873
0.0181888
0.01894192
0.0123943165
0.0125225475
0.018860145
0.018868215
0.01860642
0.018443808
0.018929752
0.018672045
0.0117713
0.018775102
0.018837182
0.018482734
0.018619599
0.018592153
0.018955076
0.018556679
0.018361535
0.01870472
0.0074152127
0.007849546
0.01654556
0.019331407
0.007333026
0.0069337697
0.017155686
0.017466918
0.016602425
0.01948797
0.007583476
0.016891774
0.01754484
0.016887827
0.016310345
0.01950794
0.0071007535
0.017165242
0.017457822
0.01634151
0.017644793
0.019507872
0.0074891555
0.0073078997
0.017914338
0.019507108
0.0065409145
0.017352153
0.016648829
0.016454669
0.019528458
0.0075189336
0.0067979777
0.017396806
0.017225906
0.019501435
0.0064906073
0.017460858
0.017206352
0.017508842
0.01948657
0.00636152
0.017853983
0.01657138
0.019486729
0.007232165
0.0066316095
0.017444573
0.017429294
0.01952487
0.0067302138
0.017239945
0.016334178
0.0175421
0.019522205
0.0073805666
0.016713902
0.016741186
0.019428886
0.0074108597
0.016481798
0.016669016
0.01782501
0.01954055
0.0071114013
0.017387131
0.016318705
0.017576376
0.019540247
0.0065365224
0.017453495
0.01732945
0.019502109
0.007667852
0.0074466253
0.016698917
0.019403925
0.00736162
0.017786993
0.016363153
0.019484295
0.006730401
0.01728476
0.017290741
0.019527216
0.007290531
0.017924575
0.019457867
0.007457994
0.017803123
0.017382257
0.019495094
0.006955237
0.018157134
0.017225593
0.019504081
0.007485671
0.0170728
0.01939309
0.017915104
0.017466052
0.017891869
0.017627262
0.019564098
0.0070881057
0.017766416
0.01946484
0.0066348976
0.018072397
0.017135829
0.019493954
0.006901412
0.01788779
0.019496094
0.017812638
0.016944671
0.01729643
0.01737426
0.019536033
0.006819162
0.01767629
0.019435951
0.007882411
0.016673662
0.018053723
0.019518005
0.017941082
0.017643299
0.016791182
0.019516174
0.007125002
0.018057162
0.017645415
0.019523231
0.00763204
0.017227137
0.016480677
0.019430432
0.0066993977
0.017780844
0.017353354
0.019501282
0.016698336
0.017766418
0.019481784
0.0071122777
0.017277636
0.016432475
0.019417789
0.0068508387
0.017372852
0.017565722
0.019532893
0.017833024
0.016618775
0.017468652
0.019519702
0.0071009113
0.01707739
0.016691048
0.019430986
