-0.019997532
-0.020000113
-0.020001722
-0.019996865
-0.019992733
-0.020000817
-0.01999766
-0.020000134
-0.019998638
-0.01999731
-0.020001905
-0.019998593
-0.019992948
-0.019997738
-0.019999927
-0.020001555
-0.020000573
-0.019999176
-0.019997755
-0.019999612
-0.019995918
-0.020002263
-0.019998876
-0.019998455
-0.019998675
-0.019998819
-0.019999817
-0.02000241
-0.020001728
-0.019998355
-0.01999132
-0.019996505
-0.01999922
-0.02000002
-0.01999843
-0.019998092
-0.019995933
-0.01999766
-0.019995775
-0.019993488
-0.019997036
-0.019994657
-0.019997776
-0.019991113
-0.019994196
-0.020006396
-0.019995205
-0.019993715
-0.019995464
-0.01999352
-0.019995576
-0.019999104
-0.020004777
-0.02000251
-0.020001465
-0.020005548
-0.02000539
-0.01999898
-0.019994777
-0.019998698
-0.019997628
-0.019997733
-0.020005392
-0.020001356
-0.020001309
-0.020002292
-0.019996032
-0.019996887
-0.020000469
-0.019988399
-0.019997027
-0.01999298
-0.01999492
-0.019993214
-0.020005737
-0.019997165
-0.019998828
-0.02000184
-0.019995933
-0.02000454
-0.019994205
-0.019995935
-0.019995565
-0.019999407
-0.019995667
-0.019989962
-0.01999867
-0.019989327
-0.01999351
-0.01999677
-0.019992705
-0.019998154
-0.01999419
-0.01999551
-0.019998528
-0.020000715
-0.019997941
-0.020003255
-0.019995842
-0.019998768
-0.020002792
-0.02000035
-0.019998586
-0.019999703
-0.019993996
-0.019998183
-0.019992555
-0.02000177
-0.01999924
-0.019999294
-0.019998552
-0.019998455
-0.01999763
-0.020002563
-0.02000083
-0.019997522
-0.020005854
-0.019994602
-0.019997202
-0.019997193
-0.019997824
-0.020000221
-0.020001436
-0.01999974
-0.020002581
-0.019997414
-0.020003192
-0.019999633
-0.020000966
-0.019999666
-0.01999991
-0.019998813
-0.020000624
-0.019999718
-0.019998904
-0.020001335
-0.019995466
-0.020001734
-0.020001259
-0.019995594
-0.019998921
-0.01998364
-0.019994408
-0.019999795
-0.019999921
-0.019994106
-0.020002156
-0.020004721
-0.02000141
-0.019989932
-0.020000566
-0.019999458
-0.020000415
-0.020002197
-0.019996163
-0.01999714
-0.019998824
-0.019995164
-0.02000038
-0.020001583
-0.019997336
-0.019992646
-0.020000312
-0.019993875
-0.01999992
-0.01999375
-0.01999516
-0.020000532
-0.020003907
-0.01999758
-0.020001706
-0.01999652
-0.019996606
-0.01999357
-0.01999707
-0.02000164
-0.019996373
-0.019996163
-0.01999898
-0.01999514
-0.020004218
-0.019999394
-0.019999692
-0.019999623
-0.01999761
-0.019998705
-0.020000033
-0.020002648
-0.019994173
-0.019999243
-0.019998582
-0.019994153
-0.019997584
-0.020001255
-0.020004729
-0.020006577
-0.020003196
