-0.2701957
-0.28143063
-0.3945569
-0.375678
-0.3707679
-0.3404875
-0.3699323
-0.3482062
-0.28883758
-0.35040534
-0.4036095
-0.42585737
-0.37619042
-0.39481145
-0.34563118
-0.35637036
-0.40021786
-0.3713587
-0.2649588
-0.27345622
-0.29292902
-0.35720444
-0.27999547
-0.33106256
-0.3265755
-0.3458025
-0.28152984
-0.35987598
-0.36715198
-0.382843
-0.3479611
-0.37999472
-0.39444765
-0.32926643
-0.3655643
-0.39810887
-0.20162989
-0.19063011
-0.23817673
-0.2609067
-0.22883756
-0.20359842
-0.2558799
-0.26916996
-0.22744194
-0.40846908
-0.17852594
-0.18049195
-0.2022473
-0.2703337
-0.19424754
-0.4120684
-0.19787875
-0.22162695
-0.24373461
-0.23659514
-0.2618557
-0.38237172
-0.16377695
-0.13745257
-0.25255388
-0.23800896
-0.09492911
-0.25722024
-0.15867144
-0.11756893
-0.32411894
-0.16015063
-0.15450205
-0.24532752
-0.19766445
-0.28145042
-0.108479775
-0.17214514
-0.21695143
-0.18149246
-0.33189335
-0.044041127
-0.25935376
-0.09054312
-0.26581964
-0.25365677
-0.25080147
-0.24808244
-0.03490604
-0.41970307
-0.1693666
-0.26036847
-0.19454877
-0.20654066
-0.28206372
-0.16223428
-0.23775761
-0.18638311
-0.23795596
-0.11916865
-0.24023245
-0.13955612
-0.18247168
-0.35856202
-0.18913504
-0.21707962
-0.20064165
-0.26532277
-0.32664648
-0.090180576
-0.20179507
-0.16181906
-0.20641093
-0.16754416
-0.15708467
-0.25193706
-0.22764215
-0.057304885
-0.2604157
-0.052641984
-0.13130906
-0.17893085
-0.21433508
0.015269439
-0.38193652
-0.092120215
-0.18983315
-0.15179195
-0.07220597
-0.2464339
-0.058411136
-0.25935745
-0.11239405
-0.05753872
-0.20645234
-0.3120457
-0.12392353
-0.18860815
-0.15109609
-0.17127566
-0.18576472
-0.21215309
-0.1945291
-0.29356796
-0.0016077233
-0.20909698
-0.130867
-0.17673251
-0.23538607
-0.20840275
-0.23013616
0.04602388
-0.21632414
-0.126982
-0.13274755
-0.16508067
-0.1979106
-0.23189132
-0.34754035
-0.12061145
-0.19143842
-0.13636383
-0.17094667
-0.17106909
-0.25014326
-0.2365465
-0.16539682
-0.17670153
-0.1665607
-0.22381438
-0.13757272
-0.22824511
-0.19136362
-0.22759315
-0.16810505
-0.22161748
-0.20875417
-0.26020157
-0.13663825
-0.19224362
-0.2024657
-0.23722634
-0.16364698
-0.1103438
-0.12331437
-0.17370965
-0.22753432
-0.21524057
-0.26151574
-0.1269074
-0.17265438
-0.18799375
-0.24375054
-0.16947345
-0.19209072
-0.16721968
-0.20464851
-0.1773123
-0.22270274
-0.21798521
-0.26395535
