0.010140251
0.004183594
0.03651914
0.06006253
0.039261047
0.05405028
0.032566577
0.0017774059
0.0148205785
0.081490636
0.050827764
0.0036604863
0.041164387
0.03505693
0.06516587
0.045076
0.026031252
0.017404828
-0.028681844
-0.019773519
0.02959185
0.07697635
0.07058836
0.040729396
0.020091973
0.018163053
0.0085711945
0.028873654
0.069127925
0.029840643
0.046915043
0.022833599
0.041317813
0.03919097
0.011584455
0.03647534
-0.015316641
-0.055848084
-0.024396142
-0.091698594
-0.027735878
-0.053381715
-0.018063972
-0.010712447
-0.015889259
-0.014513607
-0.05643057
-0.0037817573
-0.020444246
0.018822515
-0.020544404
0.0079930695
-0.02362158
0.0059343125
0.0035591354
-0.038318235
-0.004102665
0.006204505
-0.007969008
-0.008990068
-0.023415223
-0.037272993
-0.03180727
0.0003797067
-0.021502942
-0.04095798
0.0192114
-0.0049330653
0.016251208
0.002602426
-0.018544087
-0.0042556413
-0.0016586349
-0.008401528
-0.011978558
-0.0034840698
0.0019417253
0.0037718355
0.002222856
-0.026546488
-0.026760729
0.011360358
-0.03478799
-0.0002070028
-0.054638114
0.034434102
-0.04179993
0.0036554215
-0.014380327
-0.0047799554
-0.015269047
-0.006469255
-0.013794275
-0.007858477
-0.063210905
0.0036436694
0.010387459
-0.021283569
-0.0006924947
0.0038860072
-0.05765077
0.0008383122
-0.0037420506
-0.018053493
-0.016759042
-0.023075424
-0.0006649739
-0.00866312
-0.023783132
0.0006627854
-0.035258994
-0.011056597
-0.06804345
-0.008800634
-0.014117536
-0.025829414
-0.019300843
-0.0328207
-0.0026077232
-0.016714567
0.02827476
-0.027344555
-0.014247332
-0.05716743
-0.012689581
0.0061592963
0.00033763653
-0.022686047
-0.0068494356
0.007185158
-0.016304744
-0.005279127
-0.038057316
0.028796954
-0.10021641
0.0019968194
-0.0055532986
0.013245377
-0.00273173
0.014243924
-0.02730997
0.003074098
-0.022696065
-0.022311669
-0.012107324
-0.020129181
-0.031377293
-0.034439754
0.0057809455
-0.011219133
-0.01978502
-0.00056200905
-0.009685906
0.0006441741
0.047370482
-0.00038549173
-0.008126876
-0.06053131
-0.026799077
0.010141686
-0.03677048
-0.03410527
-0.021303602
0.0061998884
-0.0017705412
-0.0006504133
-0.012557123
-0.030093933
-0.013097953
-0.024745699
-0.046809655
-0.0041137617
-0.041110653
-0.08385465
-0.028478308
0.01340236
-0.01289263
-0.040660594
-0.008519152
0.016421985
-0.017387075
-0.01035445
-0.04349952
-0.00040718025
-0.08060975
-0.005180492
-0.009522436
-0.0032707932
-0.029330425
0.0018104976
0.015952222
0.029108156
-0.0025180217
-0.032727387
-0.014012459
-0.03219543
-0.07105396
