-0.085751675
-0.054277577
-0.0031906574
-0.022401938
-0.014980154
-0.006975039
-0.014088071
-0.041738767
-0.055112727
0.0011215225
0.006637156
-0.011918995
-0.0022096166
-0.0064864177
0.009992169
-0.018315509
-0.014279891
-0.030772422
-0.016113566
-0.083078355
-0.0079791
-0.00788225
0.010363206
0.009171329
-0.004687597
-0.0204319
0.009025072
-0.007928019
-0.0041206693
0.008072922
0.0039527006
-0.017687604
-0.0889966
0.01383676
-0.012956301
-0.032443758
-0.042598374
-0.0890728
-0.04008037
-0.08201726
-0.07815406
-0.06639876
-0.026117744
8.553722e-05
-0.0705922
-0.05231687
-0.06491531
-0.05450978
-0.038677376
-0.01107142
-0.018442435
-0.012175791
-0.07993928
-0.03146281
-0.052072253
-0.048117165
-0.020986116
-0.03891458
-0.056690145
-0.04048175
-0.013213424
-0.020071961
-0.01828419
0.003666593
-0.021268804
-0.012844892
-0.0071346136
-0.045584828
-0.041061576
-0.01883893
-0.03636685
-0.028987736
-0.05865353
0.0034020683
-0.024513612
-0.026953062
-0.018308694
-0.033525877
-0.020600362
-0.04394152
-0.022796849
-0.024143571
-0.07435161
-0.014731625
-0.08586271
-0.005094632
-0.024117522
-0.013512219
-0.021425957
-0.03405922
-0.033381227
-0.033087336
-0.020796148
-0.035626076
-0.055953223
-0.071269676
-0.027238183
-0.031789243
-0.018297225
0.0026678895
-0.0718174
-0.034133352
-0.04482682
-0.006012366
-0.01008495
-0.051555857
-0.021859111
-0.027805345
-0.035874438
-0.059347928
-0.0631438
-0.031258497
-0.042265866
-0.038341545
-0.006397642
-0.016870938
-0.025578158
-0.038261697
-0.033792913
-0.027303051
-0.0031708165
-0.044705432
-0.03173367
-0.050146278
-0.033247843
-0.011052651
-0.0029464867
-0.027291104
-0.09097354
-0.039702024
-0.038276665
-0.02128359
-0.041996084
-0.025077803
-0.062081598
-0.024839949
-0.019997777
-0.01651652
-0.026087873
-0.007711942
-0.046951488
-0.0011265543
-0.037409764
-0.07861842
-0.007594247
0.0006546358
-0.049257368
-0.025331844
0.0005349117
-0.0168363
-0.024549838
-0.057276685
-0.015012062
-0.024464732
-0.011540768
-0.06396182
0.0006538625
-0.0629477
-0.023533162
-0.029614732
-0.021331588
-0.027120747
-0.018083205
-0.02863027
0.0016338581
-0.0455393
-0.061632816
-0.0017682994
-0.021644875
-0.00991341
-0.057089895
-0.014008904
-0.03296586
-0.070352204
-0.0463844
-0.04051423
-0.02588278
-0.05192304
-0.010898218
-0.012981746
-0.03830224
-0.018638961
-0.02369202
0.0027018324
-0.07706242
-0.04432963
-0.010399494
-0.003965743
-0.02125974
-0.033436738
-0.017910618
-0.017539607
-0.030399717
-0.06919234
-0.030574374
-0.025987292
-0.07273586
