-0.08901388
-0.08863693
-0.023714542
-0.033021238
-0.052542623
-0.04980092
-0.043588668
-0.10633819
-0.1551854
-0.046815958
-0.03618154
-0.039361946
-0.037940174
-0.089191616
-0.11351382
-0.09448098
-0.13049714
-0.18868749
-0.08699844
0.0062016845
-0.019152554
-0.052548956
-0.102242984
-0.06169343
-0.0869666
-0.095495656
-0.036382895
-0.058362022
-0.055763744
-0.09854644
-0.052432798
-0.11441615
-0.051139254
-0.065487385
-0.025609534
-0.09621481
-0.07326775
-0.076772906
-0.015678369
-0.07698645
-0.20839337
-0.15039167
-0.11228971
-0.05641234
-0.14403619
-0.06401264
-0.10756222
-0.29535732
-0.1254408
-0.07905624
-0.057325833
-0.018738795
-0.263519
-0.1569236
-0.13115865
-0.082312755
-0.041329835
-0.043637954
-0.040032912
0.09156137
-0.029256715
-0.028803382
-0.079328716
-0.01598743
-0.026997566
-0.0519743
0.0034930282
-0.03694394
0.11503427
-0.044501573
-0.12638171
-0.030373232
0.004554567
-0.112847224
-0.052627333
-0.008246263
-0.015840031
-0.16518325
0.0035082442
0.0785445
-0.00912083
0.05458352
0.046408955
-0.041250717
-0.15150139
-0.022254253
-0.16292576
-0.011014584
0.005861514
-0.028667321
-0.014655916
0.045306064
-0.021329168
0.016562918
-0.024494674
-0.08562358
-0.04492216
-0.05986752
-0.033065937
-0.013032976
-0.23831795
0.012596764
-0.059880633
-0.00936038
-0.03945365
-0.013714675
-0.02349261
0.003836691
-0.0007589192
-0.025411757
0.11117347
-0.014059095
-0.055391986
-0.11132208
-0.0068605663
0.058247436
-0.00770102
-0.029668702
-0.048821107
-0.16440883
-0.01621095
0.20118405
0.0076554837
-0.028958764
0.05198697
0.011607282
0.019867688
-0.013864354
0.052268144
-0.11200584
-0.062361866
-0.0030238228
0.04510946
0.043578666
-0.07294783
-0.05420699
-0.10365071
-0.021586321
-0.04438009
-0.023393417
0.02454776
-0.0042575323
-0.00973665
0.0013660395
-0.09606834
0.08081888
-0.03037319
0.10227916
-0.008207011
-0.023335485
-0.15938358
-0.06352676
-0.18158735
-0.106788725
-0.026638703
0.11553778
0.012449647
-0.08630433
-0.019698765
0.066830456
-0.053587567
-0.04377792
0.009580722
-0.024934303
-0.030553628
-0.015975557
0.01157769
-0.007983479
-0.004005005
-0.040444463
-0.14477877
-0.111948706
-0.09432776
-0.056411438
-0.016346041
-0.0051130042
-0.009829961
-0.029846225
-0.013318486
-0.011068957
-0.022065882
-0.08270442
-0.11098906
-0.051227536
-0.05487005
0.06368669
0.018225007
0.023038108
-0.026020145
0.013342984
-0.051068086
-0.015473709
-0.019404503
-0.14787285
-0.17906658
-0.09294476
-0.04876448
