-0.126642
-0.1370572
-0.065181054
-0.057661276
-0.048502296
-0.06701513
-0.050189536
-0.08826193
-0.13537496
-0.044488557
-0.04844553
-0.06278665
-0.060903627
-0.06615058
-0.08169004
-0.050508212
-0.049880005
-0.12449123
-0.11140065
-0.11001136
-0.031494904
-0.07062598
-0.06445388
-0.045467958
-0.03974221
-0.055926796
-0.15006626
-0.040356062
-0.03911921
-0.07206018
-0.06762469
-0.099219255
-0.08828522
-0.04212295
-0.039859716
-0.0691276
-0.08035624
-0.10157311
-0.0273808
-0.10002349
-0.053979486
-0.102800064
-0.02560044
-0.034724813
-0.045537826
-0.059059907
-0.08296176
-0.06698832
-0.036991127
-0.05507132
-0.0075108046
-0.059135623
-0.08698516
-0.09918731
-0.06566342
-0.05173946
-0.01588091
-0.045720804
-0.13406512
-0.054197468
-0.007876442
-0.052028447
-0.15650833
-0.03315692
-0.021259027
-0.043736424
-0.035586916
-0.056652453
-0.09541311
-0.055501834
-0.045278
-0.048817936
-0.10535164
-0.048767228
-0.0015369046
-0.0304411
-0.04313006
-0.081668735
-0.008260715
-0.017141964
-0.04652689
-0.06962436
-0.07208393
-0.027555022
-0.05462396
-0.038005244
-0.066829436
-0.026083386
-0.036363598
-0.006091854
-0.04297634
-0.051487733
0.0034545476
-0.029181428
-0.0639483
-0.09764696
-0.045970302
-0.03563348
-0.03429818
-0.03476365
-0.12925708
-0.039119918
-0.050112143
0.010411457
-0.038301878
-0.06952325
-0.007680388
-0.01741276
-0.035963207
-0.029894259
-0.07803011
-0.007186154
-0.057879977
-0.09531231
0.011826616
-0.04347039
-0.025699908
-0.06463646
-0.028466878
-0.060814172
-0.035507504
-0.09284649
-0.0023433676
-0.04180611
-0.058129862
-0.0156792
-0.034159396
-0.05144121
-0.064335786
-0.03989772
-0.046537023
-0.038895395
-0.038233753
-0.03405673
-0.089208536
-0.009697803
-0.01813549
-0.025732525
-0.0115586305
-0.02840669
-0.050900813
0.017339675
-0.028181836
-0.09833721
-0.009710659
-0.009413607
-0.05102087
-0.022887161
-0.013366215
-0.025609484
-0.08397684
-0.063682735
-0.07838877
-0.06303424
-0.028479347
-0.0700408
-0.026576344
-0.059168898
-0.04379683
-0.03261897
-0.0041192286
-0.041801125
-0.039268997
-0.011974046
-0.02067401
-0.0374395
-0.06403563
-0.023577929
-0.016097704
-0.021492584
-0.10746284
-0.04119976
-0.0344241
-0.07069964
-0.084971994
-0.0014660852
-0.015741467
-0.038487174
-0.035081096
-0.013628845
-0.042720255
-0.11607053
-0.029451106
-0.019478425
-0.090046376
-0.05706264
-0.0020627398
-0.0115088755
-0.049980585
-0.003507005
-0.016794873
-0.025951635
-0.05538065
-0.096005164
-0.037709817
-0.044748
-0.092794694
