-0.013690437
-0.04721014
0.02522699
0.036558453
0.038309716
0.01165581
0.02503928
-0.037600975
-0.026509536
0.04401338
0.034683567
0.0031690386
0.04267757
-0.007096341
0.026694255
0.03110881
-0.02022183
0.03213417
-0.0069352724
-0.036347266
0.018915711
0.04331276
0.06711639
0.028643709
0.0215617
0.016950525
-0.012880106
0.0025556416
0.05014534
0.03764105
0.015282117
0.009006435
0.031439237
0.038577564
0.03916539
0.021892462
-0.045315094
-0.04479677
-0.03400234
-0.1400095
-0.017225903
-0.051673017
-0.052135285
-0.020641627
-0.038872164
-0.081630416
-0.040516555
-0.029098095
-0.026400877
-0.0041132206
-0.016631892
-0.016601859
-0.03607694
-0.043856464
-0.019969594
-0.034960814
-0.010577303
-0.03604621
-0.03693045
-0.0008782028
-0.038143467
-0.08680447
-0.029285947
0.0009992386
-0.01416666
-0.019532971
-0.029901648
-0.005949722
-0.037942655
-0.012026404
-0.007749652
-0.069484375
-0.02691688
-0.020259652
-0.007077793
-0.015603856
-0.03361977
-0.016447237
-0.008759249
-0.019811867
-0.057464287
-0.010037729
-0.017745925
-0.017459147
-0.04271898
-0.00919929
-0.027903765
-0.008709405
-0.02072665
-0.01874248
-0.055756036
-0.04699534
-0.008001343
-0.033600397
-0.0992335
-0.021380968
0.0058884965
-0.019883687
-0.011108354
-0.036342032
-0.04591292
-0.020460064
-0.027531931
-0.020358903
-0.048271056
-0.02391785
-0.0060389573
-0.00067693606
-0.053659614
-0.033007566
-0.011045901
-0.01654608
-0.08855195
-0.012417179
-0.0071641435
-0.015659008
-0.059950095
-0.0135378055
0.00880637
0.005846927
-0.0035837619
-0.009219175
-0.016058594
-0.10217074
-0.009753702
-0.011461927
-0.013588868
-0.051530104
-0.0011144659
-0.011466342
-0.01963698
-0.026766103
-0.036955524
-0.03160029
-0.13221827
-0.019241577
-0.016778102
-0.006540926
-0.0006181944
-0.013580349
-0.009050464
-0.0028851507
-0.060496606
-0.029230189
-0.025766945
0.007453718
-0.088915594
0.017488074
-0.0147903245
-0.044786163
-0.013640421
-1.3035518e-05
-0.014616553
0.00942673
-0.0019306564
-0.012148965
-0.0053088176
-0.08793946
-0.02321473
-0.016097216
-0.02269473
-0.06233371
-0.0073274085
0.00061492214
-0.027873361
-0.02531079
-0.011330065
-0.014591473
-0.009095707
-0.04977564
-0.034643352
-0.046113808
-0.04217549
-0.14095289
-0.025518816
-0.009034498
-0.017200649
-0.06592202
-0.01004387
-0.0021314484
-0.022580808
-0.04232823
-0.022618461
-0.027944144
-0.12718144
0.004423369
-0.02302384
0.006598182
-0.06387151
-0.011522769
-0.008987095
-0.021033924
-0.044130243
-0.038746014
-0.022033326
-0.044265356
-0.11021814
