-0.122830205
-0.15895188
-0.020679204
-0.052569162
-0.0761173
-0.08096442
-0.06356471
-0.13530184
-0.10578963
-0.07600574
-0.07133768
-0.0759367
-0.105282515
-0.12833208
-0.11306721
-0.08950995
-0.08079363
-0.16426674
-0.17149153
-0.13303563
-0.029287474
-0.086135864
-0.133138
-0.055157788
-0.078470394
-0.056082122
-0.1346097
-0.07130715
-0.029202888
-0.15252747
-0.10386586
-0.13290592
-0.08329411
-0.099076375
-0.08038317
-0.042213786
-0.12778099
-0.059812214
-0.112520315
-0.24534139
-0.1506133
-0.09679423
-0.09467643
-0.024660842
-0.116531946
-0.11652447
-0.23147665
-0.15646595
-0.104303665
-0.011814326
-0.07109716
-0.038558528
-0.18504794
-0.08499675
-0.076222345
-0.09570454
-0.023129677
-0.08373872
-0.080367155
0.06197689
-0.031709533
-0.07816829
-0.08430052
-0.022506094
-0.0352292
-0.120871715
0.0029522413
-0.06749304
0.0010730189
-0.027528288
-0.05573901
-0.03122008
-0.09378506
-0.062487464
-0.028190756
-0.015073541
-0.040701687
-0.11855619
0.007807445
-0.055222888
-0.011528168
-0.07391108
-0.12401147
-0.03994232
-0.10976595
-0.03677103
-0.08871328
-0.02024158
-0.06968768
-0.027544828
-0.043230414
-0.029674971
-0.044582088
-0.017507235
-0.05846032
-0.0949196
-0.0057986854
-0.085457936
-0.037699495
-0.033766426
-0.16326538
-0.051288754
-0.03254107
-0.042336404
-0.07428651
-0.020151794
-0.010622036
-0.049264353
-0.02246991
-0.061995488
-0.046297822
-0.008075195
-0.046002325
-0.07929594
-0.0063214307
-0.06880307
-0.012685923
0.045098662
-0.011433872
-0.06797265
-0.029373238
-0.06885907
-0.020462077
-0.057871513
-0.0844147
-0.007980193
-0.0031301172
-0.009219527
-0.053710453
-0.048891768
-0.0040378054
-0.026495863
0.037740227
-0.00916696
-0.13267806
-0.032009654
-0.039222248
-0.042273406
-0.02390987
-0.05024656
-0.045700703
-0.0054080402
-0.021895627
-0.041121837
-0.021497741
-0.02259902
-0.07118573
-0.07254221
0.00016317965
-0.025107468
-0.13260715
-0.06391801
-0.16141468
-0.07528973
-0.043120727
-0.031999625
-0.02446753
-0.08155655
-0.0605011
-0.028382404
-0.012374055
-0.0665115
-0.028717635
-0.016810222
-0.027784597
-0.030003093
-0.14359167
-0.015719187
-0.046022914
-0.044661075
-0.14344476
-0.116448775
-0.11103895
-0.1541122
-0.112782136
-0.034322444
0.013341033
-0.05151074
0.0023416353
-0.013884022
-0.040774263
-0.12655789
-0.051733494
-0.03499225
-0.14935915
-0.092740215
-0.024108188
0.0044441293
-0.042765476
-0.0039320765
-0.025335297
-0.042042103
-0.0329178
-0.15332493
-0.051778406
-0.07778626
-0.16309848
