-0.157903
-0.20541863
-0.06814978
-0.0573478
-0.080570996
-0.08669904
-0.05332739
-0.0961178
-0.13202357
-0.08066385
-0.099022485
-0.06868267
-0.085001886
-0.09845254
-0.10310909
-0.09624079
-0.11121265
-0.17511198
-0.17934744
-0.17381461
-0.06928893
-0.11100201
-0.123606816
-0.07599344
-0.09343192
-0.10192739
-0.17998557
-0.0728185
-0.07045394
-0.13717441
-0.107271366
-0.11802538
-0.09851064
-0.101666786
-0.07600228
-0.11162841
-0.13991556
-0.13390563
-0.07200781
-0.16091162
-0.10439905
-0.13202307
-0.06999412
-0.03485294
-0.07842388
-0.10166699
-0.183956
-0.091857985
-0.06720931
-0.017400531
-0.09980047
-0.053452138
-0.15222143
-0.11675465
-0.092136204
-0.1132071
-0.03575768
-0.08782894
-0.11029051
-0.12104422
0.010445446
-0.08312774
-0.13388598
-0.021946581
-0.0342265
-0.08163194
-0.02226382
-0.11392075
-0.10244434
-0.012647084
-0.06613433
-0.0550871
-0.14643784
-0.0565623
-0.023836635
-0.008860063
-0.038844354
-0.16463865
-0.008620985
-0.031044446
-0.05484118
-0.11239795
-0.10239226
-0.03774438
-0.07316276
-0.05163942
-0.08888748
-0.014726665
-0.10590541
0.0015957198
-0.048430525
-0.056861274
-0.017656658
-0.06008337
-0.08588962
-0.15534844
-0.031012276
-0.11633353
-0.04695457
-0.046642218
-0.15542887
-0.036406074
-0.055111747
-0.025305308
-0.07666423
-0.124551535
-0.017749462
-0.02237857
-0.0422569
-0.09412292
-0.03457867
-0.033714015
-0.073307194
-0.12628156
0.0072318376
-0.08887923
-0.03594203
-0.08924034
-0.027693946
-0.060360465
-0.040552948
-0.07251721
0.007822515
-0.06121832
-0.10989738
-0.012644117
-0.0066458257
-0.047300782
-0.09873105
-0.03862219
-0.046107344
-0.036457263
-0.05751176
-0.013806828
-0.12300653
-0.016073955
-0.053205095
-0.02814761
-0.04166031
-0.042389978
-0.097945884
-0.006924673
-0.03437549
-0.12763385
-0.019634046
-0.0410327
-0.064395495
-0.08293879
-0.008316466
-0.03195962
-0.07233579
-0.0795291
-0.07497157
-0.043939434
-0.053716008
-0.07736488
-0.0067609637
-0.068862095
-0.10657537
-0.029508376
-0.00029175743
-0.08202263
-0.02710439
-0.039028157
0.003733744
-0.033515178
-0.10007881
-0.026568236
-0.006162798
-0.05339864
-0.11430936
-0.047093287
-0.07787695
-0.12291022
-0.16448665
-0.01423459
-0.02735473
-0.05302148
-0.009401589
-0.021098528
-0.04920935
-0.13597053
-0.029291976
-0.007236812
-0.12118882
-0.10264835
-0.026218012
-0.0029678973
-0.054626442
-0.02205727
-0.024750616
-0.046390377
-0.03169019
-0.15793559
-0.05097475
-0.0880192
-0.117620945
