-0.054326873
-0.112788916
-0.008916986
-0.034882966
-0.027447669
-0.04199489
-0.037411585
-0.067801505
-0.022700572
-0.02922678
-0.027376192
-0.031181183
-0.0122782765
-0.025638644
-0.03532052
-0.044064447
-0.04157964
-0.0756712
-0.066566475
-0.09421898
-0.039348353
-0.024394201
-0.020012798
-0.01100186
-0.023719287
-0.025947714
-0.059569407
-0.012973387
-0.01541936
-0.03193406
-0.014325659
-0.052868262
-0.069091514
-0.037413344
-0.03347473
-0.049813516
-0.05035887
-0.08729316
-0.043307155
-0.101501815
-0.051696792
-0.09527801
-0.046157505
-0.003949755
-0.034717422
-0.056617036
-0.055483703
-0.05729552
-0.0074971667
-0.03243123
-0.020773876
-0.043236732
-0.057428777
-0.072464116
-0.030817661
-0.057155542
-0.023090003
-0.04133647
-0.0651402
-0.08575061
-0.02007063
-0.03512695
-0.07622178
-0.0027653382
-0.034182295
-0.034494385
-0.011912263
-0.021141998
-0.053870395
-0.011337429
-0.024787067
-0.05369113
-0.038395025
-0.008923201
-0.017904669
-0.03186398
-0.03554766
-0.122705705
0.00682506
-0.040546563
-0.038398508
-0.053540498
-0.05272734
-0.040408354
-0.0575094
-0.02302628
-0.07215366
-0.011160487
-0.053408757
-0.021359272
-0.053162955
-0.027282609
-0.011555394
-0.043066382
-0.055235624
-0.09466344
-0.029787397
-0.011463523
-0.027671078
-0.03201898
-0.057901084
-0.03672374
-0.051849984
-0.0007821377
-0.029804733
-0.029885104
-0.01289415
-0.013079878
-0.038844675
-0.07594413
-0.074166454
-0.0082901595
-0.05805482
-0.06324057
-0.013960067
-0.027614698
-0.037474927
-0.039123986
-0.037360817
-0.027438499
-0.015429892
-0.07524959
-0.0037708092
-0.07640068
-0.009994287
-0.016132608
-0.023123816
-0.036991615
-0.06263808
-0.042187728
-0.043652844
-0.03659381
-0.035683047
-0.018145699
-0.06511023
-0.013324988
-0.021485098
0.0037951695
-0.026628042
-0.010044903
-0.014348433
-0.032185685
-0.03394538
-0.079311386
-0.009440236
-0.032574862
-0.054867186
0.011508756
-0.005463654
-0.020637026
-0.05348431
-0.015982384
-0.05794739
-0.019357624
-0.028233074
-0.08142865
-0.02289505
-0.05306221
-0.056501143
-0.01365057
-0.0026661009
-0.021353574
-0.0310411
-0.021736853
-0.01363961
-0.04422331
-0.046510547
-0.016200626
-0.021237964
-0.01507047
-0.06521574
-0.03224375
-0.055724945
-0.07425878
-0.034340158
0.0025825636
-0.045801573
-0.06541768
-0.0012226165
-0.016951682
-0.04247632
-0.108681835
-0.03851205
-0.06375488
-0.08126929
-0.063132115
0.0075421846
-0.004446431
-0.027467525
-0.04001669
-0.023328267
-0.016459327
-0.03743234
-0.09299277
-0.046985228
-0.055010468
-0.07844695
