0.01018131
-0.021573246
0.012025516
0.0154359415
0.026735665
0.008685841
0.023425689
-0.033865605
-0.015717763
0.05050294
0.030529132
-0.0029658945
0.03565823
-0.0037782458
0.04184105
0.009582535
-0.00396569
0.0046938267
-0.01816854
-0.044692203
0.016043853
0.04677542
0.05148677
0.02596623
0.00694493
-0.0020098316
-0.03385908
0.031217536
0.031905856
0.016459933
0.0055743298
-0.0008510113
0.024692737
0.024509469
0.035907134
-0.0028539612
-0.022765929
-0.05607663
-0.029246688
-0.1806585
-0.031720374
-0.032308683
-0.06337224
-0.015636472
-0.050457668
-0.09457109
-0.031327054
-0.015919147
-0.030220317
-0.0076989164
-0.028441252
-0.05188718
-0.042882908
-0.03006858
-0.016254777
-0.048888754
-0.014632455
-0.072806455
-0.02938845
-0.020066246
-0.027050642
-0.1156996
-0.018126974
-0.018211879
-0.01417086
-0.012347165
-0.067044914
-0.03407938
-0.029841485
-0.008886604
-0.022090636
-0.08895893
-0.0460452
-0.035942063
0.007846797
-0.012120776
-0.069629595
-0.015558652
-0.008136693
-0.020642646
-0.09890898
0.002042043
-0.003552354
-0.01716095
-0.025702478
-0.032240566
-0.042428795
-0.008582493
-0.016338138
-0.023726707
-0.09889673
-0.028336933
-0.024065778
-0.022612564
-0.12715615
-0.052850008
0.011254972
-0.015240222
-0.024975833
-0.06954959
-0.059949454
-0.028896237
-2.7842296e-05
-0.034463137
-0.06769381
-0.008862315
-0.011899335
-0.0002632419
-0.09312195
-0.029824072
-0.03536189
-0.018115647
-0.14018561
-0.009772007
-0.015946439
-0.039569758
-0.085272424
-0.014499879
-0.017803442
-0.030612204
-0.041021023
-0.0051498003
-0.029267587
-0.11545387
-0.013570855
-0.008471936
-0.00552178
-0.084778674
-0.03716893
-0.016170582
-0.02393232
-0.055324987
-0.0200106
-0.027863193
-0.16214831
-0.031943593
-0.0305204
0.00036018222
-0.000767851
-0.03774062
-0.008411262
-0.0072599123
-0.07694451
-0.024656545
-0.021657068
-0.027754402
-0.08472981
-0.009544258
-0.008394184
-0.06398383
-0.031587288
-0.010406631
0.0018422622
-0.012484404
-0.023099944
-0.009309645
-0.01758958
-0.13017192
-0.022025594
-0.023590812
-0.019415248
-0.10353084
-0.0043531414
-0.016600084
-0.017029576
-0.07509077
-0.02604982
-0.01768451
-0.03159991
-0.07870555
-0.031294543
-0.025797699
-0.03550498
-0.1374982
-0.032106888
-0.008317871
-0.017026458
-0.09307077
-0.013171975
-0.0051845955
-0.07587455
-0.07446948
-0.008986578
-0.03655399
-0.12970164
-0.02947055
-0.008371788
-0.029306281
-0.082816586
-0.014391969
-0.014854555
0.007904962
-0.07181856
-0.029682465
-0.036513366
-0.05121452
-0.122520424
