0.016472204
-0.012566799
0.022173986
0.05501819
0.052163873
0.02706708
0.019480187
-0.026017781
0.00893356
0.05906852
0.060905036
0.02565227
0.054055676
0.031601653
0.06802785
0.05431915
0.014451943
0.031728953
-0.0034605456
-0.015307078
0.028455894
0.06227196
0.08430415
0.033797543
0.03318504
0.017171802
0.0019157147
0.046304785
0.07284383
0.034254596
0.04224814
0.014358079
0.050115183
0.04516646
0.054895747
0.022949139
-0.0076091154
-0.026512034
-0.049247894
-0.042669814
0.010215242
-0.016843457
-0.0041558356
-0.008215573
-0.008160467
0.017273037
0.015816342
0.0032490997
0.008451903
0.016364528
-0.013850368
0.030918831
-0.024032705
-0.023752805
0.0038286245
-0.0096126245
0.020317992
0.03039035
0.013267365
-0.032381136
-0.017954297
-0.010655697
-0.0012048811
-0.0029487454
-0.002365032
-0.027580071
0.03138546
-0.020230005
-0.008301384
-0.009139452
-0.007410746
0.023359213
-0.024288725
-0.012021606
0.006811342
-0.008571357
0.03263272
0.014930928
-0.017422695
-0.013486784
-0.011049711
0.016762706
-0.008654709
-0.0042863507
-0.013115548
0.04067283
-0.02355506
0.005703012
-0.000836971
-0.0017485628
0.011206984
-0.01679136
-0.027250543
-0.010242029
-0.021521531
-0.0320604
-0.012728618
-0.026676452
0.0040718503
0.044048797
-0.025001885
-0.019981747
0.0026864952
-0.0077064163
0.013576094
-0.00791502
-0.008405151
0.0044352105
0.015501416
-0.01648133
-0.034361634
-0.004815948
-0.01414314
0.019583391
-0.0014641488
-0.049393423
0.015363751
0.028121326
0.0024420973
0.0003907087
0.0416392
-0.02411061
-0.013224942
-0.01223192
-0.016780695
0.007240833
0.00043345595
-0.003852305
-0.029561853
-0.016064717
-0.0010445146
0.008943947
-0.03297596
-0.010050972
-0.047571573
-0.016174024
0.009493225
-0.008581228
-0.01680403
0.046958283
0.007759071
-0.0022221473
-0.0062754247
-0.035209972
-0.0007943155
-0.005760985
-0.0073547014
0.0054749716
0.024435444
0.0028997078
-0.019970873
0.004091624
-0.0057967124
-0.012491131
0.05674137
-0.026601836
-0.012082895
-0.021533696
-0.003857422
-0.045957595
-0.021437919
0.0015469342
0.012951052
-0.009294204
-0.01591543
0.017006423
-0.02704674
0.004835678
-0.024342159
0.023337124
-0.021586448
-0.027212065
-0.012299732
-0.04733898
-0.009988508
0.008934015
-0.0024213924
-0.0015114325
-0.009034279
-0.017147738
0.009804331
-0.01385874
-0.016296461
-0.039207872
-0.040786073
-0.039988745
-0.008331537
-0.01481388
0.014140857
-0.019715555
0.024459045
0.0015370769
-0.0043226546
-0.007607919
-0.006412003
-0.04647688
-0.044487588
