0.006875691
-0.02796466
-0.022289624
0.03470501
0.026936503
0.024451623
-0.0010307129
-0.05312811
-0.042413864
0.032317903
0.022532316
-0.009703424
0.04076526
0.00885194
0.046423066
0.01781525
0.006050431
0.00063830876
-0.047550008
-0.034251135
0.018066267
0.039058313
0.04670868
0.028702313
-0.013625148
-0.0035398656
-0.028100507
0.014350386
0.030016663
0.02104218
0.014775301
-0.0102883885
0.0013340656
0.050755367
0.029073479
-0.0041361637
-0.046328142
-0.037005506
-0.032068238
-0.17755286
-0.023089815
-0.06328096
-0.038609065
-0.013305004
-0.043119337
-0.0861164
-0.054669797
-0.051081426
-0.011115715
0.006549772
-0.044586904
-0.056026384
-0.0154872555
-0.025665289
-0.029338744
-0.023262767
-0.005524272
-0.06484314
-0.018265415
-0.019982528
-0.03707656
-0.105070055
-0.0017131236
0.005815142
-0.013113723
-0.02130982
-0.068841234
-0.019037198
-0.031419385
-0.005203663
-0.016157398
-0.09986302
-0.013595631
-0.00448789
-0.007132427
-0.018279132
-0.071498
-0.032651663
-0.015784906
-0.05672209
-0.10208156
0.0061592017
-0.021890787
-0.019231454
-0.041914254
-0.025067672
-0.024555571
-0.006167499
-0.048853822
-0.019940848
-0.093726456
-0.04386868
-0.019654226
-0.0012650224
-0.1378403
-0.055849373
-0.0013996228
-0.032855354
-0.027910315
-0.054862656
-0.06670057
-0.02480237
-0.043862533
-0.019613815
-0.08465203
-0.0071740556
0.013824559
-0.0070169442
-0.08886829
-0.019533766
-0.024400907
-0.021015333
-0.13390234
-0.007836052
-0.011104781
-0.019685144
-0.08824651
-0.032279614
-0.008031236
-0.004083422
-0.037550986
-0.011109282
-0.0140791945
-0.115748644
-0.022501387
-0.003836612
-0.009493713
-0.09334376
0.008802555
-0.021808224
-0.022963772
-0.053743478
-0.008404113
-0.014081979
-0.17278643
-0.025420303
0.00097431906
0.015753752
-0.007351261
-0.04970189
0.02494185
-0.0152619425
-0.091421105
-0.0234527
-0.012353591
-0.025671624
-0.10667833
0.016116142
0.0048974957
-0.07924072
-0.024923533
-0.0040733083
-0.006687515
-0.006652616
-0.015622475
-0.015089448
-0.05573874
-0.12398573
-0.0011258273
-0.020254178
-0.017596763
-0.112489775
-0.03746369
0.0060394546
-0.010895132
-0.08346523
-0.029444566
-0.010657176
-0.021750085
-0.07983196
-0.046685874
-0.0066981106
-0.029822469
-0.15258998
-0.021757036
-0.011548349
-0.027710088
-0.09190444
-0.0054791844
-0.0010294274
-0.076411344
-0.062965885
-0.044416446
-0.022074439
-0.1606537
-0.015682708
-0.012546666
-0.018595384
-0.08765981
-0.01319601
-0.017108256
-0.00358515
-0.08392931
-0.054375846
-0.027824972
-0.02210206
-0.14315525
