-0.034813974
-0.046842445
0.0045032785
0.02972884
0.03260193
0.03237857
0.012339697
-0.04002533
-0.009091722
0.04076558
0.028864354
0.017494261
0.04841794
0.022285245
0.04803696
0.016919328
-0.030550431
0.028427146
-0.03911887
-0.08633392
0.018251734
0.06368391
0.05992318
0.025929615
-0.014394228
0.006589661
-0.02335237
0.016184941
0.039273508
0.022157928
0.03866505
0.009560667
0.013053676
0.021550884
0.034186747
0.024187291
-0.01095844
-0.039394245
-0.025179317
-0.15317957
-0.043104008
-0.04511427
-0.06285543
-0.024419772
-0.037616994
-0.08146245
-0.02632506
-0.019488765
-0.033126213
0.0078880945
-0.023380423
-0.04034123
-0.02631457
-0.054662768
-0.02137634
0.004656792
-0.015526183
-0.038421225
-0.033108167
-0.025723383
-0.020156784
-0.102006905
0.0029969835
-0.008564783
-0.010365854
-0.023634449
-0.039690666
-0.02099504
-0.0028229086
-0.015817886
-0.03110027
-0.07523404
-0.012260434
-0.021308558
-0.0035697077
-0.015253394
-0.058369294
-0.0037001506
0.007934475
-0.025796019
-0.08276898
-0.0017553836
0.007812858
0.008459234
0.0038283379
-0.016766794
-0.037233952
0.0036306942
-0.027599001
-0.006181706
-0.06432351
-0.021570086
-0.00810116
-0.030174892
-0.107717104
-0.040618133
-0.005064564
-0.0103463
-0.012864724
-0.058048043
-0.046252042
-0.026139483
-0.017306907
0.0009946038
-0.05771103
-0.0045019574
0.0062434063
-0.014472969
-0.07129032
-0.031728044
-0.05520248
-0.024124522
-0.10727909
-0.0063393502
-0.005329013
-0.013202284
-0.0692761
0.0017690284
0.009415695
0.023916338
-0.008209516
0.00024671707
0.011306193
-0.103670314
-0.03201164
0.0077475007
-0.015853973
-0.06285341
-0.016241949
-0.015299553
-0.01640481
-0.048624218
-0.0025344759
-0.030623043
-0.113913305
-0.016693987
-0.013952134
0.008706265
-0.0021963418
-0.033680305
-0.005412733
0.009345384
-0.06032304
-0.036909748
-0.013538562
-0.011758804
-0.07094
0.015108888
0.0018255302
-0.05508177
-0.022369834
0.0014832716
-0.012458631
-0.001460275
-0.0047151516
-0.0015712623
-0.01802719
-0.1200397
-0.02899161
-0.029831365
-0.010445832
-0.07027695
0.0027585442
-0.0036935934
0.0089983875
-0.0547567
-0.036724485
-0.010848058
0.0115230605
-0.053042486
-0.014927126
-0.014434132
-0.03950788
-0.12247051
0.0017927999
-0.010191688
-0.0093748905
-0.07868866
-0.0005461244
0.0012839984
-0.05383587
-0.034538016
-0.026432764
-0.027967643
-0.12226422
-0.025839306
0.0011452958
0.011712098
-0.07122117
-0.014405624
0.02386454
-0.008790191
-0.05234751
-0.03466511
-0.018277217
-0.016544364
-0.10781069
