0.92584974
0.7889737
0.9344434
0.89921325
0.89949334
0.900057
0.923305
0.9285306
0.86742365
0.8740931
0.8811099
0.9444667
0.8722659
0.9129213
0.85435134
0.82625276
0.93339616
0.71470404
0.9621861
0.91076314
0.85723424
0.8525327
0.8373907
0.85914123
0.8472485
0.9071733
0.71840596
0.91817605
0.8366062
0.8690455
0.8274656
0.8062381
0.87792456
0.85024744
0.8997759
0.94416237
1.1488537
1.0964243
1.0958339
1.0434996
1.0461949
1.0522665
1.0917784
1.0678586
1.0351772
0.9632161
0.9847518
0.79214364
0.94177336
0.92467326
0.9693536
0.96926016
1.0544343
0.915408
0.94328594
1.00146
1.0515534
0.95566714
1.0536338
1.1472434
1.04178
0.97890526
1.0041244
0.96463025
0.9403866
1.0159382
0.9508842
1.1050509
1.0077988
0.8926392
0.8806489
0.97049564
0.9645643
0.9791743
0.9575356
0.97849697
0.94857997
1.000568
1.0047476
1.0368445
0.98957
1.0297477
1.0187714
0.8611266
0.72172326
1.025406
1.0545119
0.9638934
1.0068849
1.0198407
0.9657874
1.0489464
1.0346518
1.0952499
0.9798867
0.9477528
0.88090897
0.9687369
0.85690004
0.95829403
1.0148296
1.0678164
1.059248
1.0386896
0.9622477
1.0311227
0.9894761
0.9917839
0.96788764
1.0794755
1.07704
1.0541308
0.9900491
1.0869519
1.0070437
1.0291817
0.99634093
1.0091941
0.8640356
0.73135376
1.0119776
1.0645533
1.0498086
0.96286607
1.0048445
1.003226
1.0224174
0.9828081
1.0057827
0.8312764
0.87992597
0.98876697
1.1098825
1.1192023
0.9903834
0.96343535
0.9464348
0.9583401
0.96901184
0.9317118
1.0937538
1.0413401
0.98809505
1.174274
1.0322661
1.0430671
0.9424509
1.0333064
1.0377104
0.99470687
0.7773782
0.8841046
0.8587119
0.85020804
1.0109202
1.0563666
1.0730011
0.9568783
1.0480977
1.069545
1.0371823
0.967907
0.9761269
1.0168885
0.96640015
0.93922347
1.0524441
1.0121902
1.0381019
0.9491955
1.1121122
1.090457
1.0984554
0.9867737
1.0174092
1.0173409
1.0228275
0.94579977
1.0068026
1.0194412
0.9435076
1.0380601
1.100024
1.1072582
0.98999643
1.0147295
1.0537316
0.9902691
0.9540759
0.95669454
0.9539319
0.98676574
0.94039404
1.0201138
1.1013151
1.1190627
0.98597664
