0.7982896
0.75499946
0.87554777
0.8602737
0.8446186
0.8219151
0.84182465
0.8245928
0.7718083
0.8600821
0.8661517
0.8778485
0.8458925
0.82804644
0.80206615
0.7978288
0.82814574
0.7500831
0.81657207
0.79315066
0.8584557
0.8514028
0.7860999
0.8042907
0.80976677
0.8183293
0.70183307
0.8658085
0.84700406
0.79765594
0.78498286
0.77880603
0.86763763
0.8263828
0.8271156
0.8856001
0.94495046
1.0015123
0.9388273
0.9617885
0.90927106
0.9040713
0.88048375
0.8918065
0.8695386
0.9632422
0.84781265
0.6797299
0.77225477
0.8355224
0.80557376
0.9974835
0.8747928
0.7998736
0.82207704
0.86460626
0.89078915
0.98271966
0.8942688
0.8938363
0.93687767
0.96374637
0.85139716
0.90365577
0.85680133
0.8225497
0.9765825
0.82615954
0.8357872
0.8083811
0.73654103
0.9869414
0.8042007
0.82540536
0.8840023
0.8732009
0.9810641
0.8527354
0.9403726
0.8586715
0.9928922
0.7806091
0.78002137
0.70844346
0.61008054
1.033859
0.8759016
0.9022101
0.8570285
0.8655208
0.97176534
0.91204274
0.94487125
0.9020296
0.98030865
0.78244376
0.7609998
0.76656985
0.75688225
0.9763693
0.8792966
0.8856148
0.8595027
0.9156394
0.9634321
0.89948785
0.9162542
0.8657994
0.9736783
0.9332563
0.91369945
0.9528616
0.982781
0.869845
0.9610689
0.8921061
0.9905282
0.8039747
0.74704754
0.6238361
1.0321785
0.9331782
0.96702266
0.9685714
0.8312532
0.93231726
0.8717353
0.98386264
0.84273857
0.7629192
0.78182167
1.0122236
0.9441044
0.93965197
0.951528
0.83383685
0.8042034
0.878458
0.86233044
0.9610243
0.9417323
0.96929836
0.98322666
0.91628027
0.92720425
0.89477056
0.9610713
0.86062765
0.9800123
0.99113137
0.6536799
0.66413
0.67456025
0.6930959
1.0353662
0.9414688
0.9588776
0.96004647
0.9172622
0.88002336
0.91788363
0.9668214
0.8891455
0.85699964
0.8890971
0.9711665
0.8689884
0.9102191
0.9128129
0.9601915
0.92862463
0.91387093
0.91556424
0.95295024
0.88592243
0.9145227
0.89331526
0.96737677
0.9142594
0.9064349
0.9766972
0.89576334
0.92203826
0.93158907
0.9499116
0.8704075
0.9025578
0.9088488
0.9645235
0.8881372
0.87512964
0.8748946
0.97422725
0.94827694
0.9230669
0.93701106
0.9583565
