1.0738078
0.8746681
1.0706173
0.9899443
0.98273784
0.99840045
1.0298251
1.0551344
0.9728912
0.94636214
0.9721852
0.9796436
0.99798083
1.0469683
0.92006433
0.90587586
0.97317207
0.7463374
1.0399704
0.9998022
0.9698898
0.9770872
0.941453
1.0113133
0.9829957
1.0858905
0.8669123
1.0509946
0.9415329
0.9709915
0.90822786
0.8828638
0.9760907
0.96269256
1.0151436
1.0818632
1.011476
1.1210364
1.2044175
0.9837525
1.0723089
0.9926986
1.1316721
1.122454
1.086754
0.97375214
0.9870847
0.7268325
0.9187915
0.968896
1.0357229
0.98885196
1.0584465
0.89078724
0.95473766
1.100813
1.0875232
0.9869204
1.0229603
1.0714968
1.1588227
1.0230777
0.9954166
1.0216421
1.021195
1.0355566
1.0033032
0.9675833
0.9902409
0.9308625
0.9809412
1.0172607
1.0857817
1.098348
1.0250481
1.09718
0.9907182
1.0041119
1.0424212
1.0995177
1.0463158
1.07211
1.0551196
0.91790193
0.8259587
1.0455586
1.0321493
1.0427071
1.0789454
1.0707395
0.9976984
1.039204
1.1307762
1.0890965
1.0012096
1.0738684
0.9244677
1.0171598
0.9599957
1.0032126
0.926268
1.1325974
1.0194999
1.1295323
0.99661946
1.0448734
1.0615429
1.1416228
1.0164242
1.0375521
1.121586
1.1679499
1.0244446
0.9716072
1.0585035
0.99511415
1.0266739
0.9442658
0.8931015
0.82290435
1.0515904
1.0060798
1.2206967
1.016721
1.1292942
1.0584971
1.1406933
1.0443604
1.022477
0.88198084
0.9328619
1.0402937
1.0420575
1.2302116
0.98414373
1.0661854
1.0339108
1.0412047
1.1041647
0.9863577
0.86283934
1.1368315
1.0451299
1.0540001
1.1508732
1.1646206
0.9907731
0.97437215
1.1104525
1.0578202
0.7399294
0.78095186
0.83520055
0.89131
1.0379127
1.0428818
1.21929
0.9963764
1.0124277
1.1103944
1.1214672
1.0006464
1.0803562
1.1494422
1.0357764
0.9951733
0.98139834
1.095186
1.1670777
1.0100425
0.98584193
1.1988199
1.110588
0.970101
1.0516561
1.1439551
1.1928478
0.99852395
1.1082007
1.1119175
1.0115434
0.99664783
1.1729319
1.0739015
0.9660654
1.0493582
1.185585
1.1019307
1.0144333
1.1053804
1.0500588
1.1461684
0.9954285
1.036812
1.1523887
1.0799155
0.96660274
