0.8517295
0.80478495
0.86555123
0.86074543
0.8571709
0.8424827
0.85928625
0.87769943
0.85874695
0.8534471
0.86858916
0.89468867
0.8596233
0.8752589
0.8147827
0.80384594
0.8538315
0.7276717
0.88408977
0.85651904
0.8389074
0.8376341
0.80205595
0.8446887
0.7897339
0.8376914
0.7561827
0.8601865
0.82678366
0.8382963
0.8020681
0.79892325
0.8500393
0.82380784
0.8500456
0.86606854
1.079075
1.1045406
1.0495607
0.978548
0.9644134
1.0136676
0.9678224
0.9579366
0.95842606
0.95076394
0.9309016
0.78319615
0.8257344
0.8856271
0.8941217
0.96548605
0.9873468
0.8076385
0.86221224
0.94546634
0.9465863
0.9548133
0.9964459
0.9930017
0.96630394
0.9594087
0.9363301
0.9233855
0.87010545
0.8897189
0.9493577
0.8991852
0.9378006
0.8514556
0.80765
0.9738431
0.8663546
0.8789656
0.90269166
0.9212825
0.9520503
0.934388
0.9762891
0.93348825
0.9819615
0.9100911
0.9237708
0.7939767
0.6471824
1.0212438
1.02443
0.9363521
0.94410557
0.9265697
0.9595063
1.0156174
0.97999954
0.99779326
0.9688823
0.94280684
0.8196833
0.8944458
0.8228292
0.9528962
0.9757026
0.94638944
0.9574414
0.96796167
0.9494592
0.9840328
0.9462798
0.9012003
0.95955133
1.0153546
1.0204424
0.99057144
0.96419936
0.9929252
0.9715926
0.92961305
0.98499817
0.9321605
0.81746477
0.6828131
1.0065292
1.0563751
0.9892711
0.94814175
0.93584186
0.96480596
0.927281
0.97815335
0.9530025
0.77741414
0.8332726
0.99009
1.0695477
1.0095656
0.9495364
0.8656411
0.8543441
0.91200584
0.9058486
0.94235563
1.0100487
0.9987177
0.96900886
1.0457251
0.9726204
0.9697858
0.94254154
0.9784748
0.9975306
0.988881
0.71358967
0.78523487
0.7624588
0.78423345
1.0079186
1.05595
1.0074846
0.9464508
1.0439386
0.95864594
0.95487416
0.95536
0.9343974
0.90776044
0.9258931
0.950179
0.95815766
0.94710034
0.9422288
0.94758636
1.0435475
0.9977953
1.0215447
0.9530613
0.94210476
0.9576363
0.9521068
0.94906133
0.94860554
0.94859487
0.94379044
1.0895461
1.0038322
1.0354688
0.94677967
1.0114521
0.945613
0.94532907
0.94958204
0.91193634
0.901939
0.91506547
0.94145167
1.063423
0.99203306
0.9895571
0.9504999
