0.9882222
1.0008525
1.2623286
1.2326257
1.2587216
1.1944927
1.2662313
1.0982169
0.98090327
1.2127403
1.2251921
1.1603503
1.2273748
1.1723714
1.1591641
1.1068956
1.1004324
1.0466899
1.0128227
1.0040703
1.2220407
1.233105
1.1854104
1.2647125
1.2212651
1.1829065
1.0163879
1.2710074
1.2203358
1.1652682
1.0920628
1.0856811
1.2213851
1.0491587
1.2657435
1.2203785
1.0265825
1.0379751
1.1304396
1.2648208
0.99137837
1.0479083
1.1786807
1.2224007
1.123361
1.244442
1.0341703
0.97501713
0.9973643
1.214439
1.0961363
1.2386355
1.0404271
0.90485936
0.9908026
1.1344647
1.2692913
1.2420872
1.0084652
1.0043352
1.2914672
1.2627068
1.018727
1.2469302
1.2768296
1.1023134
1.2459519
1.0159417
1.0116115
1.1645027
1.176152
1.2562149
1.0067441
1.3274671
1.2644225
1.2327496
1.2474009
1.0128659
1.2699909
1.1805825
1.2610456
1.023557
1.0536289
0.9785671
1.0069522
1.2710401
0.97195274
1.2729322
1.180461
1.2256619
1.2540668
0.9881473
1.2758776
1.0987577
1.2616179
0.9716551
1.1993519
1.0834236
1.1817179
1.2513584
1.0481045
1.1333203
1.112527
1.2921429
1.254407
0.9867901
1.2856889
1.2443377
1.2571819
1.0084194
1.0023906
1.27203
1.2651186
0.9677227
1.2580347
1.2180709
1.2598336
1.0133513
1.007052
0.9741829
1.2952859
1.0536968
1.301674
1.2731459
1.0208184
1.2616236
1.2572666
1.2629552
1.0194558
1.1170101
1.0051321
1.2762562
1.0304903
1.2550904
1.2714381
1.1845187
1.2048538
1.2626555
1.1704596
1.2475448
1.0194181
1.2980126
1.27195
0.99423903
1.3034242
1.2166663
1.2574444
1.0352271
1.2704226
1.2746626
0.8666149
0.9336241
0.81526744
0.9500517
1.2622937
1.0098082
1.2535526
1.2793871
0.98169386
1.1674718
1.3101774
1.2565664
1.2984726
1.2679173
1.2958903
1.2609502
1.0360234
1.2830602
1.2453946
1.2541162
1.0419782
1.2492585
1.1118008
1.2620169
1.0160322
1.3037213
1.2757357
1.2542994
1.2866428
1.2470489
1.2746135
1.0189146
1.1943846
1.2037823
1.2650383
1.0290042
1.2853247
1.3001626
1.2616857
1.2850094
1.2501951
1.2437135
1.25422
0.98923445
1.2124982
1.0693499
1.2668152
