-0.16156071
-0.20487776
-0.20989412
-0.1977604
-0.21779805
-0.20724794
-0.2138005
-0.23430206
-0.22812593
-0.28014842
-0.22930756
-0.2870486
-0.2675718
-0.26630512
-0.2551048
-0.2905087
-0.25639388
-0.32959628
-0.18372054
-0.19198239
-0.16978747
-0.23386522
-0.23334448
-0.21009071
-0.21780045
-0.21057093
-0.21976852
-0.27056196
-0.20526598
-0.31355277
-0.27091834
-0.3066101
-0.23891683
-0.24324326
-0.25494045
-0.2624855
-0.077833705
-0.057822835
-0.046005704
0.060106877
-0.067154825
-0.07798561
-0.049378015
-0.05665616
-0.068684675
-0.05261053
-0.099132165
-0.09485166
-0.12907162
-0.08221226
-0.06973495
-0.09084453
-0.08004347
-0.10669492
-0.089326374
-0.053167496
-0.0923205
-0.04673393
-0.069787234
-0.01664534
-0.00942426
0.0018565562
-0.09405973
-0.038246203
-0.060761247
-0.11176794
-0.05933655
-0.06608358
-0.08268521
-0.06462188
-0.077265196
-0.041626837
-0.13596638
-0.07843782
-0.040682755
-0.07470225
-0.07868913
-0.024539523
-0.017186621
-0.022220816
-0.033703107
-0.093022406
-0.07933735
-0.056696728
-0.11991439
-0.04098119
-0.07289939
-0.05225067
-0.073073216
-0.048912838
-0.04013285
-0.064588815
-0.008141
-0.058175873
-0.0005420293
-0.089723215
-0.05846976
-0.07428422
-0.0567156
-0.07362064
-0.08406988
-0.07482814
-0.077420145
-0.009313051
-0.025741728
-0.086563654
-0.03952206
-0.047945205
-0.036667634
-0.04655856
-0.056634307
-0.02842384
0.0031135539
-0.06168444
-0.015246636
-0.06255828
-0.020577742
-0.06657407
-0.05137621
-0.10327783
-0.027391579
-0.04475801
-0.020611823
0.03772734
-0.054059748
-0.025160069
-0.0616574
-0.04835816
-0.055127434
-0.07352977
-0.0620569
-0.03838497
0.004161042
-0.023839135
0.07553003
-0.08189527
-0.08303971
-0.06761075
-0.06661779
-0.08293815
-0.024250977
0.01510921
0.01286617
-0.05580405
-0.019786937
-0.02839278
-0.012369486
-0.05242634
-0.01631574
-0.011698624
-0.13730827
-0.123752385
-0.12676819
-0.09106831
-0.08722805
-0.029079435
-0.017446693
0.05019684
-0.055039205
-0.03827881
-0.023358779
-0.013475973
-0.051696993
-0.065231875
-0.042858273
-0.046367683
-0.060842346
-0.039556444
-0.02145318
-0.010995599
-0.046637315
-0.045733072
-0.02794418
0.022261808
-0.051026992
-0.025754971
-0.035322208
-0.023867965
-0.03788402
-0.04234894
0.007926086
-0.057459444
-0.041731566
-0.037102178
0.03653302
-0.056832787
-0.03343946
-0.036015097
-0.021155488
-0.039335
-0.052996613
-0.062307224
-0.054857768
-0.058581516
-0.03366699
-0.04289086
0.014803793
