-0.2666611
-0.25107518
-0.2804565
-0.21428968
-0.23566109
-0.22886884
-0.26467517
-0.31973913
-0.24781121
-0.21961397
-0.25058517
-0.34137392
-0.2537466
-0.32156637
-0.2294168
-0.24868807
-0.35779172
-0.28324106
-0.26348084
-0.27529168
-0.25976273
-0.20426181
-0.19756073
-0.2409422
-0.27358896
-0.2830203
-0.2809106
-0.269654
-0.2464748
-0.30528566
-0.25060645
-0.32387477
-0.28499863
-0.21464428
-0.24105932
-0.30245772
-0.09580293
-0.080722086
-0.070539005
-0.07669224
-0.14078048
-0.13326459
-0.1419039
-0.13800575
-0.16466378
-0.12680621
-0.15325768
-0.1433529
-0.1691898
-0.119327284
-0.14857906
-0.13133298
-0.14979424
-0.1711053
-0.1530446
-0.16301619
-0.13264735
-0.13072367
-0.08905866
-0.0840002
-0.05995898
-0.06366294
-0.12060571
-0.08214445
-0.12392965
-0.14649332
-0.10174911
-0.14068678
-0.13235953
-0.10204615
-0.10965517
-0.11757899
-0.12691621
-0.12803838
-0.12321118
-0.12701105
-0.13070184
-0.11406113
-0.070736565
-0.084701605
-0.078529865
-0.107917674
-0.10250162
-0.10212003
-0.14034976
-0.09197034
-0.1417873
-0.104864836
-0.12522876
-0.14190932
-0.11919819
-0.085746445
-0.07570542
-0.08746282
-0.092299744
-0.1339388
-0.0960408
-0.1434261
-0.13009489
-0.11621681
-0.14403138
-0.12261145
-0.13562417
-0.101376586
-0.10726461
-0.09388121
-0.07298794
-0.08932723
-0.07875255
-0.10746827
-0.106045455
-0.07534273
-0.079452276
-0.09725338
-0.071886316
-0.08774815
-0.08461498
-0.120458655
-0.080992416
-0.08486758
-0.07205749
-0.055042583
-0.034450796
-0.014613568
-0.09142882
-0.072779134
-0.10660947
-0.092416465
-0.1229151
-0.09836386
-0.084306784
-0.09321566
-0.055330493
-0.034864474
-0.014335592
-0.12112088
-0.13042304
-0.14197016
-0.12913373
-0.10730222
-0.02895059
-0.040914796
-0.024084205
-0.09035314
-0.07980658
-0.09143577
-0.07621059
-0.0894394
-0.019435072
-0.036870692
-0.15851153
-0.14907183
-0.11473937
-0.12557472
-0.106010176
-0.06595016
-0.04804886
0.0007776246
-0.12143297
-0.07784849
-0.0759046
-0.07164437
-0.09244974
-0.09265863
-0.10756466
-0.078534804
-0.1088271
-0.062482692
-0.086541295
-0.073328674
-0.10044299
-0.07567381
-0.0775473
-0.0633033
-0.11680126
-0.06564391
-0.08722662
-0.06505277
-0.056915365
-0.045291137
-0.03166745
-0.12615052
-0.08020498
-0.0796457
-0.0686297
-0.10629897
-0.085482895
-0.087719105
-0.08039048
-0.09022492
-0.095362015
-0.10604704
-0.102093734
-0.1167844
-0.07240282
-0.09359987
-0.08164073
