-0.27444932
-0.29546103
-0.30450174
-0.23287138
-0.2634194
-0.2696057
-0.30959964
-0.3638335
-0.33069554
-0.28457025
-0.28508765
-0.3738666
-0.2863214
-0.36025226
-0.2420761
-0.31697625
-0.37698498
-0.33752355
-0.30177355
-0.29385194
-0.2778416
-0.2601155
-0.2074259
-0.26178047
-0.2944279
-0.33037004
-0.25669944
-0.31159958
-0.26263812
-0.3436066
-0.31062207
-0.3393406
-0.33377874
-0.27847868
-0.31207186
-0.3474543
-0.10760509
-0.108396254
-0.07121161
-0.053252645
-0.17416579
-0.147024
-0.13739221
-0.12921421
-0.17758414
-0.1292077
-0.17782117
-0.17649524
-0.16889293
-0.14166215
-0.14977539
-0.13472211
-0.15986174
-0.16042937
-0.16559914
-0.16483708
-0.1451762
-0.107876055
-0.10330819
-0.10431367
-0.063707195
-0.032157097
-0.118244864
-0.09878231
-0.13545063
-0.1299328
-0.10458052
-0.13397558
-0.1152158
-0.097036585
-0.1251947
-0.09168862
-0.12926342
-0.12901229
-0.12289425
-0.14073956
-0.12814862
-0.102318704
-0.06536668
-0.11651391
-0.07249424
-0.11606842
-0.12200021
-0.11443508
-0.14207262
-0.06736726
-0.13718376
-0.10176039
-0.13651933
-0.11110154
-0.098282255
-0.09549955
-0.075009316
-0.08076161
-0.05530648
-0.13721621
-0.113840565
-0.14586715
-0.13764842
-0.10109745
-0.14266494
-0.14558053
-0.12994328
-0.101710364
-0.08302642
-0.091676176
-0.0692849
-0.091106616
-0.057274528
-0.09511199
-0.06719716
-0.061364286
-0.05886969
-0.11143603
-0.06507769
-0.11364826
-0.055310108
-0.077934325
-0.085643604
-0.12459622
-0.036113165
-0.05729422
-0.04619363
0.014210859
-0.121037744
-0.073215485
-0.10044797
-0.091630034
-0.144624
-0.11717084
-0.08265573
-0.07859495
-0.05756026
-0.04214477
-0.003282095
-0.13669759
-0.15123074
-0.12978649
-0.11152416
-0.11519385
-0.07737978
-0.020046247
-0.005607551
-0.08873081
-0.0936233
-0.09640243
-0.05365872
-0.079151444
-0.018415764
-0.01981801
-0.18407325
-0.16430342
-0.16951624
-0.14291462
-0.11657322
-0.056856133
-0.031648953
0.018262057
-0.11810122
-0.10677522
-0.074408375
-0.05393813
-0.10241419
-0.10804545
-0.09919598
-0.08036876
-0.0946453
-0.06467565
-0.08596609
-0.04437583
-0.09477624
-0.08326621
-0.08553262
-0.063774444
-0.09764938
-0.07857832
-0.08554251
-0.06471196
-0.05463935
-0.060534153
-0.018895812
-0.09175054
-0.086670384
-0.07423882
-0.05550617
-0.09507746
-0.10050958
-0.080664456
-0.06335485
-0.10421359
-0.103307724
-0.07466479
-0.0804395
-0.09465781
-0.08849293
-0.08730968
-0.06885919
