-0.28208584
-0.30318356
-0.28252384
-0.25385067
-0.26174837
-0.24510875
-0.26577228
-0.30423
-0.3179686
-0.32519308
-0.27815083
-0.3362067
-0.31749636
-0.34581748
-0.27240387
-0.3267758
-0.3213336
-0.36316365
-0.3245666
-0.2688197
-0.25619933
-0.25371194
-0.25704244
-0.26527312
-0.28901085
-0.2793341
-0.2853496
-0.33649075
-0.2761465
-0.3704778
-0.3326173
-0.39126647
-0.30665177
-0.28558204
-0.32628533
-0.34144458
-0.095781796
-0.07699653
-0.07044983
-0.024585476
-0.15912817
-0.14778545
-0.09579651
-0.09233118
-0.14715023
-0.102353096
-0.15250777
-0.15588896
-0.16243184
-0.11368325
-0.13266881
-0.12479929
-0.14812376
-0.14428215
-0.13755368
-0.13025518
-0.112759344
-0.09337481
-0.11038909
-0.06215705
-0.023275942
-0.050483387
-0.123514354
-0.06621536
-0.12307771
-0.12909158
-0.085296154
-0.12308035
-0.11951282
-0.08845496
-0.12087417
-0.08831366
-0.11863996
-0.10765765
-0.0944907
-0.12141281
-0.11874766
-0.09297566
-0.049134575
-0.10064758
-0.060174298
-0.11992852
-0.12463278
-0.09682718
-0.16827387
-0.069004074
-0.11659342
-0.07624231
-0.1029017
-0.08348207
-0.09090483
-0.078981444
-0.057608977
-0.07383424
-0.043671075
-0.15931587
-0.0975923
-0.113854714
-0.102680095
-0.0964971
-0.13474873
-0.10865261
-0.13560161
-0.055322506
-0.073261775
-0.06463647
-0.05818283
-0.09231485
-0.06043802
-0.08796833
-0.067753345
-0.060728163
-0.02984148
-0.11983367
-0.05025242
-0.091756836
-0.037204772
-0.12457896
-0.06825302
-0.09538922
-0.04696345
-0.060745105
-0.04946574
0.016432565
-0.07858958
-0.03235312
-0.09796421
-0.061639566
-0.101681516
-0.09907412
-0.08055424
-0.059880823
-0.050544288
-0.021380164
0.02995234
-0.12432877
-0.11871151
-0.101647526
-0.09957962
-0.1039593
-0.06945225
-0.012360124
-0.004339127
-0.09141827
-0.054855347
-0.053091917
-0.039018758
-0.08141374
-0.011168288
-0.017191498
-0.14793281
-0.14944582
-0.15680371
-0.1252004
-0.12245562
-0.061374255
-0.02788729
0.02079886
-0.061588813
-0.08748756
-0.05369255
-0.043355566
-0.065434724
-0.08883666
-0.06859371
-0.07280783
-0.09179018
-0.05328575
-0.078321196
-0.042089418
-0.09767539
-0.045035787
-0.062647104
-0.026237618
-0.10353814
-0.052834127
-0.058929835
-0.049745683
-0.035043754
-0.03661881
-0.011751737
-0.08310939
-0.056422412
-0.055128258
-0.024300277
-0.09117429
-0.06653023
-0.038803518
-0.046258844
-0.075518
-0.06461561
-0.071914405
-0.07410649
-0.0756221
-0.06368462
-0.07763151
-0.04561822
