-0.29168028
-0.24928524
-0.27901962
-0.21938622
-0.2251999
-0.2586277
-0.28174978
-0.35944664
-0.27351743
-0.22685577
-0.25350866
-0.33620065
-0.2616904
-0.31846377
-0.19812326
-0.25617298
-0.3597127
-0.26845974
-0.26154375
-0.29955146
-0.23469593
-0.21056712
-0.20433073
-0.2453159
-0.2727178
-0.3130644
-0.22645174
-0.29853013
-0.22435841
-0.31036434
-0.2603062
-0.34082904
-0.30083203
-0.25869185
-0.26802546
-0.300875
-0.10728456
-0.09838509
-0.087364085
-0.09590309
-0.16120479
-0.14790685
-0.14037259
-0.14791691
-0.12705465
-0.13862114
-0.1446418
-0.1653596
-0.16204254
-0.14069232
-0.15105313
-0.12250035
-0.16023533
-0.18501408
-0.13675794
-0.17693935
-0.13642573
-0.12625691
-0.093890585
-0.098583855
-0.07202524
-0.06327177
-0.14191967
-0.099272184
-0.112161495
-0.11396778
-0.12359178
-0.12428584
-0.12637457
-0.100615375
-0.114417806
-0.09254594
-0.13387015
-0.13636784
-0.10186033
-0.13052443
-0.13344336
-0.10850957
-0.06500275
-0.09323461
-0.07535548
-0.13015975
-0.14226094
-0.114742324
-0.15387107
-0.077270955
-0.14472748
-0.11582919
-0.12941766
-0.13557377
-0.118425965
-0.08982595
-0.09567222
-0.08230637
-0.10243361
-0.13725042
-0.11208582
-0.14394936
-0.09638851
-0.11162863
-0.15832771
-0.14947863
-0.1276713
-0.11649905
-0.11369569
-0.083914615
-0.08575971
-0.09129745
-0.07423811
-0.08927352
-0.09976807
-0.056338742
-0.088194676
-0.082759984
-0.07756109
-0.09292938
-0.06828504
-0.111128286
-0.07121464
-0.098137006
-0.0679965
-0.08089552
-0.040930953
-0.012899967
-0.12444207
-0.07663249
-0.10277451
-0.083077155
-0.10518396
-0.10325193
-0.08015286
-0.08553997
-0.049759727
-0.043164834
-0.024374388
-0.13213314
-0.13655528
-0.11106377
-0.10897293
-0.10177238
-0.06173144
-0.03343488
-0.02445744
-0.10047753
-0.07300477
-0.10375208
-0.080577895
-0.07408761
-0.023805233
-0.014887907
-0.15851828
-0.14245708
-0.14839756
-0.12545818
-0.12327274
-0.049891345
-0.045829017
-0.0039622765
-0.1076503
-0.08240047
-0.0637397
-0.08539041
-0.10164735
-0.10261458
-0.09370518
-0.10770822
-0.10826774
-0.06408969
-0.07790275
-0.06183975
-0.10033615
-0.07449849
-0.09108798
-0.10294008
-0.116531715
-0.08652785
-0.07836431
-0.09140691
-0.060256843
-0.061481666
-0.04598744
-0.09066052
-0.08688781
-0.08210539
-0.09717846
-0.09695308
-0.07050559
-0.083475865
-0.06367434
-0.106343135
-0.1220324
-0.088823386
-0.09787951
-0.10697588
-0.077800095
-0.08421992
-0.08254641
