-0.26790395
-0.250863
-0.27483663
-0.19947861
-0.23056467
-0.1998701
-0.25010434
-0.33784497
-0.2612474
-0.20685194
-0.23518851
-0.3055813
-0.22138608
-0.29721123
-0.18200748
-0.21829097
-0.33447352
-0.26219606
-0.27586436
-0.2585073
-0.2186121
-0.1933343
-0.14580578
-0.21496423
-0.26844802
-0.27259955
-0.21860027
-0.25791827
-0.20344508
-0.2728815
-0.21903789
-0.30663443
-0.27018243
-0.18779211
-0.23083964
-0.28606734
-0.08555886
-0.10380401
-0.07617381
-0.061782584
-0.14225724
-0.14835608
-0.16120945
-0.12825473
-0.15737595
-0.13041934
-0.15659766
-0.13240455
-0.14349222
-0.11412013
-0.15000175
-0.10834521
-0.13962983
-0.15730868
-0.15725966
-0.11850459
-0.14164579
-0.107272245
-0.085403964
-0.08721511
-0.05854294
-0.053378314
-0.11645785
-0.10105615
-0.10990174
-0.13483943
-0.08326299
-0.13650456
-0.1490576
-0.11326451
-0.10836527
-0.108058736
-0.11282009
-0.124284275
-0.11045408
-0.121758305
-0.11296283
-0.09014474
-0.05157107
-0.10250531
-0.0788541
-0.11619289
-0.104168236
-0.08652199
-0.117873035
-0.061713047
-0.10540702
-0.097050056
-0.11516966
-0.10092032
-0.084970064
-0.10074742
-0.086407356
-0.10601231
-0.057393182
-0.13072412
-0.11864981
-0.11457687
-0.110527076
-0.08744481
-0.12635493
-0.1169083
-0.13628602
-0.08962981
-0.103583805
-0.11334884
-0.06482586
-0.08649533
-0.077317715
-0.11131981
-0.09308529
-0.06107654
-0.05773079
-0.1029058
-0.05708115
-0.096168645
-0.060642947
-0.10446424
-0.062246148
-0.06894962
-0.030117847
-0.05587409
-0.010806942
-0.011135873
-0.116370566
-0.064620614
-0.09282918
-0.056326587
-0.11638812
-0.10150679
-0.08055446
-0.05708874
-0.033760555
-0.059816033
0.021370182
-0.13559002
-0.120396346
-0.0996046
-0.12723158
-0.101258546
-0.045343738
-0.019274771
-0.008850057
-0.07944503
-0.07149581
-0.079212844
-0.061381247
-0.047636602
-0.017574994
-0.003952783
-0.16032796
-0.11957284
-0.14830834
-0.10391929
-0.08999287
-0.044250537
-0.03766056
-0.010567492
-0.09562125
-0.090240315
-0.060269635
-0.05391801
-0.092480496
-0.08827272
-0.098938145
-0.083853126
-0.12000843
-0.08396094
-0.07975568
-0.04822536
-0.09760887
-0.08321478
-0.09398975
-0.06827095
-0.08662439
-0.08040565
-0.07607143
-0.07845375
-0.049898103
-0.035693426
-0.018584752
-0.064533666
-0.079524375
-0.0821958
-0.07348401
-0.10022199
-0.06501128
-0.06390467
-0.061433487
-0.09692256
-0.09089526
-0.0850365
-0.07228983
-0.09659317
-0.084042065
-0.07589594
-0.06757113
