-0.21497503
-0.24752934
-0.27521396
-0.21284951
-0.21870558
-0.2342729
-0.23434085
-0.309244
-0.2565563
-0.20356196
-0.23234603
-0.30435738
-0.22860332
-0.29429305
-0.20060098
-0.2616992
-0.32833436
-0.26133472
-0.25470516
-0.28226238
-0.2411582
-0.1889266
-0.15507376
-0.23952317
-0.24108423
-0.2921171
-0.28117654
-0.24299474
-0.2102342
-0.29435918
-0.23892403
-0.31291434
-0.27291268
-0.20377637
-0.25884557
-0.30558214
-0.10095346
-0.10902197
-0.06529393
-0.091932
-0.16870777
-0.13796529
-0.15921852
-0.12597917
-0.12771016
-0.1342763
-0.1460924
-0.14301267
-0.14386965
-0.12436367
-0.14741161
-0.13522947
-0.14013764
-0.16849734
-0.1451235
-0.1657519
-0.14530322
-0.13539402
-0.10837024
-0.089079134
-0.054663092
-0.07733772
-0.14121014
-0.100861154
-0.13553016
-0.11353655
-0.11497037
-0.13238175
-0.14377527
-0.10453212
-0.1145647
-0.107894
-0.14416797
-0.13300721
-0.09095109
-0.11816678
-0.14562236
-0.09471081
-0.082782194
-0.11152225
-0.09125714
-0.12069667
-0.12159838
-0.11138143
-0.13720284
-0.083542615
-0.13135636
-0.10820183
-0.12032539
-0.13039929
-0.12424192
-0.09384641
-0.07487855
-0.08787112
-0.09098956
-0.13528828
-0.098819934
-0.1078207
-0.12651156
-0.1220635
-0.13417445
-0.12733778
-0.11269163
-0.10730617
-0.112779185
-0.086849645
-0.07410717
-0.09200887
-0.097293906
-0.10287344
-0.08990912
-0.05897645
-0.08811729
-0.1015659
-0.06519526
-0.11488748
-0.070888735
-0.099145494
-0.079767086
-0.10898917
-0.054009736
-0.06587099
-0.025839731
-0.028842367
-0.0837302
-0.06006328
-0.084209725
-0.07201832
-0.10918331
-0.0940029
-0.10091677
-0.09250079
-0.06953257
-0.036191158
-0.0145286545
-0.12236792
-0.1406361
-0.11772449
-0.13831234
-0.12210696
-0.070930324
-0.02530731
-0.0251768
-0.10786854
-0.09304523
-0.102583274
-0.0825274
-0.05445091
-0.018960066
-0.008541982
-0.16614988
-0.12970267
-0.13795589
-0.13588855
-0.116546795
-0.062440038
-0.043320652
-0.025190175
-0.09427002
-0.09985854
-0.062531
-0.0885142
-0.07865286
-0.09514114
-0.09064441
-0.12178956
-0.10786731
-0.08228369
-0.09491963
-0.06882358
-0.0924051
-0.081703536
-0.08795676
-0.090779655
-0.12966856
-0.095461585
-0.09807115
-0.08480934
-0.054061584
-0.04761977
-0.03169459
-0.08574104
-0.08640343
-0.07733295
-0.10289295
-0.11006445
-0.09009348
-0.090720154
-0.074719116
-0.09065152
-0.10593138
-0.0845067
-0.104626074
-0.11129363
-0.11543863
-0.11153022
-0.083627574
