-0.21526907
-0.21259494
-0.2545326
-0.22453259
-0.23585078
-0.22228608
-0.2527163
-0.2959163
-0.26771572
-0.3071664
-0.274953
-0.3307637
-0.28561777
-0.3395671
-0.272134
-0.3313198
-0.3138858
-0.35801768
-0.25534496
-0.2580964
-0.22678676
-0.26889575
-0.25832906
-0.25385177
-0.25245547
-0.2639807
-0.27223083
-0.29725754
-0.2487163
-0.35599366
-0.3046221
-0.33838335
-0.25783908
-0.30075848
-0.30243686
-0.34461606
-0.059123043
-0.064041704
-0.036556065
0.019000502
-0.13061509
-0.13149703
-0.072135545
-0.09198051
-0.09505083
-0.07125427
-0.11659821
-0.12959076
-0.13547085
-0.111151084
-0.1340008
-0.102244265
-0.11459476
-0.12162755
-0.12003057
-0.11745267
-0.10672477
-0.06509712
-0.085090496
-0.08510473
-0.027137302
-0.01725416
-0.12508719
-0.051010113
-0.09213385
-0.10065077
-0.063563325
-0.11459472
-0.08659214
-0.069416456
-0.07474048
-0.06766917
-0.09435358
-0.09648031
-0.06747437
-0.10524785
-0.11078252
-0.09366814
-0.038499244
-0.10752973
-0.043826498
-0.15146352
-0.09083838
-0.10120542
-0.12502466
-0.050077707
-0.10281023
-0.07262692
-0.09071588
-0.07341112
-0.07003438
-0.07036962
-0.046736974
-0.06092709
-0.008416375
-0.110412225
-0.09203622
-0.08468837
-0.086794615
-0.0771092
-0.10266736
-0.08353024
-0.09065523
-0.042930834
-0.056689948
-0.08537875
-0.036967665
-0.07538866
-0.03695394
-0.06766989
-0.06690806
-0.02869657
-0.00111189
-0.10066018
-0.032397196
-0.08913252
-0.015136216
-0.10602675
-0.05725597
-0.0780843
-0.03679031
-0.03467454
-0.027029758
0.025961258
-0.077384666
-0.037041444
-0.09061045
-0.05994809
-0.09073909
-0.09000503
-0.056486703
-0.045506496
-0.02425898
-0.015808862
0.07105271
-0.09388844
-0.0837388
-0.0883077
-0.11085646
-0.104821354
-0.05065968
-0.021600254
0.015564696
-0.07063066
-0.04307222
-0.0630932
-0.03083218
-0.062905736
-0.005871432
-0.004116497
-0.13469991
-0.137745
-0.14206903
-0.11182079
-0.09934531
-0.04142213
-0.014066149
0.044632327
-0.081926666
-0.054056562
-0.033859383
-0.013926486
-0.07194741
-0.06401376
-0.069838725
-0.06495187
-0.061825324
-0.026683185
-0.0571182
-0.026691658
-0.055862583
-0.05062445
-0.065201186
0.0017600008
-0.06448195
-0.04196697
-0.07361137
-0.03901549
-0.031259567
-0.04476645
0.0028623373
-0.061857697
-0.05100724
-0.06029122
0.024211247
-0.087711535
-0.06970282
-0.03471055
-0.027146902
-0.07544774
-0.07104719
-0.062912166
-0.07055378
-0.08579184
-0.049277626
-0.076620124
0.002961787
