-0.15214464
-0.19573282
-0.18875614
-0.16010267
-0.17979214
-0.14612369
-0.18631259
-0.15305072
-0.17753828
-0.22643171
-0.20622581
-0.20484768
-0.21721163
-0.21905461
-0.22637905
-0.26679355
-0.16254638
-0.2997689
-0.17788392
-0.1578951
-0.16711013
-0.19412
-0.1943208
-0.20750557
-0.19858256
-0.16071163
-0.14809433
-0.20570011
-0.17567524
-0.25563467
-0.25137636
-0.252752
-0.17391515
-0.22303842
-0.20550771
-0.21334589
-0.024721343
-0.005985873
0.012603818
0.09191933
-0.03962971
-0.08326757
-0.04068551
-0.036000412
-0.054896556
-0.036664937
-0.06067043
-0.11109407
-0.09811015
-0.04023538
-0.09130387
-0.074130446
-0.05815649
-0.086944826
-0.110089146
-0.0676179
-0.04844831
-0.033214297
-0.05081926
-0.012895065
6.97276e-05
-0.0016376927
-0.035281003
-0.02662134
-0.06113031
-0.043597195
-0.047893114
-0.025390843
-0.06425878
-0.031155638
-0.060962968
-0.03452921
-0.07707779
-0.0656336
-0.040593147
-0.06280981
-0.06503019
-0.059334382
-0.02201337
-0.033779744
-0.044171046
-0.038534068
-0.048794493
-0.05932393
-0.0871796
-0.043418866
-0.040395163
-0.03760953
-0.06511718
-0.005599293
-0.042161305
0.008896368
-0.008076087
-0.020112032
-0.008660909
-0.055048913
-0.044792917
-0.077275
-0.06941717
-0.06353192
-0.08459813
-0.03816116
-0.044286795
-0.0243471
-0.022267343
-0.061753493
-0.024905285
-0.03607711
-0.033562295
-0.01565981
-0.0070409453
-0.035342183
0.014346043
-0.040521834
-0.010309844
-0.062526785
-0.01949868
-0.0741124
-0.038241025
-0.07992996
-0.034699515
0.04493459
0.011860215
0.031830594
-0.09030213
-0.015323015
-0.021795686
-0.049774267
-0.05145121
-0.056625817
-0.032078773
-0.028641498
0.016232567
0.007611435
0.07811644
-0.070376925
-0.08008151
-0.055189423
-0.049969696
-0.08182551
-0.01692891
-0.00032134182
-0.0027857868
-0.051437467
-0.017088348
-0.043672014
-0.0009353636
0.01440789
-0.011927534
-0.008496836
-0.1130393
-0.109206155
-0.10704326
-0.063899346
-0.08681133
-0.01181118
0.0014757123
0.036783
-0.0085478695
-0.02635407
-0.0149322795
-0.006278814
-0.039713364
-0.030184109
-0.0056937234
-0.042382423
-1.8179708e-05
-0.032544684
-0.035295144
-0.01781214
0.0006679319
-0.051026806
-0.04060819
0.025414841
-0.053236246
-0.04022509
-0.05024909
-0.020088445
-0.0023758693
-0.034167275
0.00085595483
-0.019999975
0.0107253045
0.0031545493
0.055301715
-0.0243251
-0.024941117
-0.021262744
-0.015981099
-0.040944666
-0.036248386
-0.059078965
-0.05486976
-0.0145191355
-0.016128307
-0.02054864
0.025587838
