-0.30787268
-0.28494248
-0.33691862
-0.26439515
-0.29154456
-0.2809247
-0.32472035
-0.4082974
-0.28032747
-0.28596395
-0.309814
-0.4136918
-0.33766842
-0.3778009
-0.27966443
-0.34938473
-0.3958379
-0.3448497
-0.2924579
-0.3181988
-0.29250425
-0.27992043
-0.20592521
-0.29849672
-0.3120224
-0.34727266
-0.2874024
-0.36512902
-0.2796193
-0.37406886
-0.3462928
-0.40883672
-0.33578032
-0.29767203
-0.31849018
-0.37571216
-0.09254621
-0.11556627
-0.09549136
-0.08076496
-0.14854501
-0.17428716
-0.13340013
-0.1437896
-0.16668147
-0.15683478
-0.17752141
-0.20425169
-0.17889282
-0.14006065
-0.16647273
-0.15752612
-0.1558235
-0.18991719
-0.16954392
-0.19161801
-0.14991134
-0.14349563
-0.109609306
-0.12177752
-0.060742922
-0.058978293
-0.13987276
-0.110305056
-0.14845838
-0.15312044
-0.13496546
-0.16353664
-0.14825988
-0.12238523
-0.12555543
-0.11744047
-0.13798904
-0.13916989
-0.11138009
-0.17118627
-0.14893232
-0.098864175
-0.08007143
-0.11532927
-0.097500004
-0.13478492
-0.13093196
-0.12055548
-0.14503369
-0.09213615
-0.15730634
-0.1341332
-0.12404483
-0.12453475
-0.112582035
-0.09400313
-0.09314028
-0.11221712
-0.09117015
-0.1377903
-0.1336233
-0.14963631
-0.12019326
-0.13049436
-0.1373927
-0.14407702
-0.14142554
-0.12282021
-0.11708457
-0.12991962
-0.10051699
-0.095207
-0.10449573
-0.082344905
-0.10715608
-0.07678986
-0.07590089
-0.10110213
-0.06648932
-0.11644743
-0.078401096
-0.1273714
-0.09134501
-0.1124328
-0.08044192
-0.057842728
-0.043324757
-0.014793392
-0.11418152
-0.06935747
-0.1265484
-0.09580923
-0.11440626
-0.12070702
-0.07950567
-0.093889
-0.06016349
-0.0360052
-0.011312427
-0.14126645
-0.14633524
-0.14703564
-0.14684418
-0.120718144
-0.074298196
-0.034321953
-0.041653547
-0.11475977
-0.073217474
-0.103688784
-0.08497465
-0.07112111
-0.015834002
-0.04193116
-0.17074087
-0.1550943
-0.14317778
-0.15309528
-0.13245946
-0.07561121
-0.042398255
-0.007831493
-0.10962447
-0.095916554
-0.07707281
-0.0575505
-0.10772144
-0.08939532
-0.111087136
-0.09476541
-0.119576655
-0.0684942
-0.11061469
-0.06757135
-0.116226435
-0.09562708
-0.09779997
-0.08770884
-0.12304642
-0.08615143
-0.09174989
-0.0938095
-0.06216887
-0.07004587
-0.030084718
-0.12176195
-0.11056445
-0.10170863
-0.09430439
-0.111906305
-0.07758578
-0.08410852
-0.06768584
-0.09494349
-0.101743095
-0.10700055
-0.09567937
-0.1072134
-0.077259466
-0.10854296
-0.09561694
