-0.2892789
-0.29538918
-0.2896116
-0.1978246
-0.23431039
-0.24099886
-0.25275558
-0.3435312
-0.26115334
-0.22584614
-0.24755539
-0.31191665
-0.22662511
-0.34406084
-0.21174449
-0.25996608
-0.34965125
-0.2788765
-0.28341514
-0.29938874
-0.23076196
-0.21755758
-0.18469945
-0.23595545
-0.2677267
-0.30398023
-0.22668333
-0.2921901
-0.21933042
-0.2962442
-0.2379271
-0.32182074
-0.27561566
-0.20278071
-0.24623209
-0.32166827
-0.09937574
-0.10485351
-0.085339285
-0.074239284
-0.15845807
-0.15083456
-0.16531615
-0.1277684
-0.15076193
-0.13568313
-0.14398934
-0.16069306
-0.17799737
-0.12384027
-0.1669077
-0.13246356
-0.1742264
-0.18661386
-0.14568946
-0.15700565
-0.14067622
-0.12187313
-0.11166766
-0.09446539
-0.0621149
-0.06357293
-0.14809683
-0.09352842
-0.14069991
-0.11857754
-0.1063598
-0.10624171
-0.1374983
-0.08541674
-0.10861713
-0.11431151
-0.12055769
-0.11589629
-0.104644306
-0.12416618
-0.13936108
-0.09393123
-0.06582259
-0.093956426
-0.05760457
-0.1395402
-0.11708532
-0.12337781
-0.14334506
-0.07316524
-0.13363886
-0.10454468
-0.12020918
-0.13609669
-0.106857315
-0.11223789
-0.07390494
-0.08101887
-0.09261954
-0.12814188
-0.10742194
-0.12973535
-0.112115175
-0.121017724
-0.14778931
-0.1360639
-0.14736174
-0.11243177
-0.10673031
-0.10721118
-0.08330575
-0.094090015
-0.08353839
-0.09693543
-0.093456425
-0.06495901
-0.07455665
-0.097287506
-0.053439498
-0.116448626
-0.07361928
-0.11638543
-0.05811845
-0.0720935
-0.061122086
-0.054220185
-0.028950097
-0.03537501
-0.10145791
-0.075094864
-0.091679715
-0.06600518
-0.11456968
-0.09627362
-0.075889766
-0.088526405
-0.06001928
-0.057630617
-0.019860212
-0.1436108
-0.12322816
-0.107038155
-0.11839825
-0.1254847
-0.0586803
-0.034169316
-0.02427521
-0.09566881
-0.083002545
-0.0802207
-0.08470715
-0.04612667
-0.040780347
-0.012125379
-0.15169443
-0.1376647
-0.13837491
-0.12824424
-0.10684102
-0.056718815
-0.039322164
-0.0053694877
-0.10568862
-0.09532926
-0.089024924
-0.059928674
-0.092119925
-0.069069594
-0.10995909
-0.08269105
-0.11131478
-0.07259588
-0.08449691
-0.07055226
-0.11731233
-0.09311267
-0.11082497
-0.088448584
-0.1044202
-0.08528719
-0.086359255
-0.08090998
-0.048530698
-0.0683324
-0.02194133
-0.10978062
-0.1026704
-0.09054391
-0.07459011
-0.097744785
-0.089432515
-0.06303923
-0.10232571
-0.09103138
-0.08301624
-0.08996517
-0.101212665
-0.10550275
-0.094410755
-0.10280861
-0.083178714
