-0.31711248
-0.2994667
-0.32065225
-0.2627514
-0.29162237
-0.27624345
-0.33068433
-0.36328575
-0.324035
-0.337386
-0.32139608
-0.39477572
-0.3403816
-0.35932642
-0.27065358
-0.33833197
-0.3856991
-0.35588184
-0.31769255
-0.323088
-0.3026016
-0.30058587
-0.22863007
-0.30967128
-0.3116855
-0.34156415
-0.2795107
-0.36319524
-0.30105424
-0.40509665
-0.34082833
-0.40773627
-0.33342594
-0.30513477
-0.30405152
-0.37659886
-0.09748067
-0.08380705
-0.078402005
-0.06969452
-0.1927583
-0.15964176
-0.1430163
-0.1383044
-0.16926984
-0.13708244
-0.1671375
-0.19105743
-0.1773258
-0.14398727
-0.19502029
-0.14283964
-0.1835419
-0.17198135
-0.17376044
-0.16033912
-0.15271135
-0.1197129
-0.103763774
-0.13015035
-0.0507465
-0.05919583
-0.15229341
-0.11074668
-0.13799313
-0.12432401
-0.106270716
-0.1309507
-0.11922859
-0.101144716
-0.13171522
-0.102431275
-0.13784859
-0.15008171
-0.11269521
-0.13743612
-0.13948266
-0.13125151
-0.08975499
-0.105666466
-0.08206935
-0.14400062
-0.15083897
-0.11453378
-0.15250224
-0.07424772
-0.13642044
-0.10032983
-0.12673108
-0.11183081
-0.10624397
-0.11875362
-0.07963683
-0.10988615
-0.06594501
-0.1597161
-0.13144071
-0.16350597
-0.12414737
-0.11544178
-0.1428537
-0.11471109
-0.123896316
-0.09993038
-0.09208904
-0.12400778
-0.10581381
-0.09886732
-0.08741529
-0.10525827
-0.0993465
-0.052864533
-0.060985852
-0.10795735
-0.0567408
-0.09823725
-0.05869273
-0.10820094
-0.08424223
-0.108558424
-0.05109507
-0.06945232
-0.03771925
-0.0023402213
-0.11321642
-0.06874491
-0.116527595
-0.07940011
-0.10438291
-0.1041972
-0.0975877
-0.08585322
-0.054255165
-0.04465076
0.0061185877
-0.14508054
-0.14296499
-0.12648687
-0.12666786
-0.12388745
-0.06468492
-0.027074642
-0.020290826
-0.10475111
-0.06580543
-0.10728107
-0.059037052
-0.0882587
-0.024156772
-0.018085022
-0.1855755
-0.16211487
-0.14919092
-0.14550875
-0.13106589
-0.081406176
-0.028033681
0.0063210707
-0.10635237
-0.11244076
-0.065122336
-0.054076053
-0.07493687
-0.098247625
-0.09531566
-0.08413213
-0.11828096
-0.07541034
-0.07788898
-0.053435892
-0.10766709
-0.101840355
-0.11053739
-0.05189967
-0.12992561
-0.08734514
-0.096543446
-0.07547583
-0.04973351
-0.053306233
-0.015649645
-0.11598634
-0.084445216
-0.10386951
-0.046741918
-0.1159238
-0.10495707
-0.07958025
-0.063855946
-0.09238899
-0.09688726
-0.088904716
-0.07870135
-0.11658663
-0.081005596
-0.0948808
-0.078359574
