-0.3275645
-0.3240872
-0.30599296
-0.26687333
-0.29057065
-0.26231128
-0.3069496
-0.36186364
-0.3012225
-0.32301375
-0.28260505
-0.37975872
-0.3232118
-0.35670447
-0.29101437
-0.354017
-0.394142
-0.36214572
-0.32436562
-0.3159305
-0.2754027
-0.28540322
-0.24174231
-0.28195214
-0.29569453
-0.34973297
-0.3036692
-0.35478324
-0.26958466
-0.390531
-0.32625845
-0.38680884
-0.33613282
-0.30011162
-0.32658505
-0.38572687
-0.08045458
-0.0837775
-0.08842773
-0.042048685
-0.16334148
-0.15586977
-0.15283984
-0.1411591
-0.13185133
-0.112391084
-0.17562741
-0.20551631
-0.17023814
-0.12604561
-0.16446045
-0.1306619
-0.14381127
-0.15749499
-0.15830468
-0.16564496
-0.11853447
-0.11148936
-0.10362504
-0.090031445
-0.04969696
-0.037038922
-0.13363174
-0.09676612
-0.13426568
-0.14090247
-0.10036667
-0.12373501
-0.14186217
-0.10668419
-0.116474345
-0.08633514
-0.13889135
-0.11931293
-0.10662505
-0.14762537
-0.13617969
-0.090212405
-0.070098236
-0.1100806
-0.06655938
-0.10773754
-0.14116086
-0.10460287
-0.1548404
-0.06593733
-0.10628764
-0.08995566
-0.12447789
-0.12198612
-0.09335017
-0.09347468
-0.068179965
-0.08532757
-0.051094223
-0.14000551
-0.12704416
-0.17330977
-0.13648301
-0.10411914
-0.15540561
-0.12508184
-0.12511237
-0.089381665
-0.09676409
-0.10764339
-0.06313057
-0.09437709
-0.063931175
-0.10939989
-0.09145011
-0.08210484
-0.042255253
-0.08885173
-0.05516213
-0.09192295
-0.04353555
-0.101012275
-0.09144599
-0.11152612
-0.054446768
-0.06757559
-0.04023228
0.013365758
-0.095127895
-0.062481515
-0.10388732
-0.07440374
-0.09793556
-0.09470211
-0.07840971
-0.07720637
-0.07395784
-0.04363981
0.004730167
-0.12943125
-0.13382624
-0.10188055
-0.13474146
-0.116788164
-0.04754316
-0.028812854
-0.007105213
-0.10742739
-0.089750245
-0.089518
-0.05856635
-0.06395492
-0.023754938
-0.0045206444
-0.1912269
-0.18491924
-0.1738874
-0.15066674
-0.11792646
-0.060137533
-0.028953094
0.0060490924
-0.12563314
-0.11114368
-0.071183294
-0.041231044
-0.1026361
-0.11389204
-0.11073659
-0.069422565
-0.10565564
-0.088015646
-0.07943756
-0.03930635
-0.104992636
-0.11418513
-0.07496367
-0.050221886
-0.0964229
-0.095117755
-0.07233487
-0.061944026
-0.038390607
-0.048508063
-0.013611866
-0.12603775
-0.09346607
-0.07974985
-0.047131713
-0.10548417
-0.08755208
-0.061462533
-0.048178118
-0.09748634
-0.097752936
-0.09978466
-0.08211512
-0.107303046
-0.06416144
-0.078254074
-0.06873044
