-0.25100905
-0.25803128
-0.2853171
-0.17892633
-0.20008059
-0.22603226
-0.25688532
-0.3495975
-0.2652049
-0.18172522
-0.2312083
-0.30210388
-0.21935512
-0.28379372
-0.19097194
-0.22810659
-0.34351182
-0.23508698
-0.26708364
-0.25375417
-0.2074593
-0.1939723
-0.1507782
-0.20728537
-0.25702697
-0.28701434
-0.22573508
-0.283806
-0.21104108
-0.248491
-0.23557404
-0.32046732
-0.2770092
-0.18273571
-0.21070942
-0.31972215
-0.08597403
-0.08046464
-0.070160404
-0.09243475
-0.13724965
-0.15035892
-0.13742393
-0.13256665
-0.15188652
-0.13761769
-0.14506783
-0.1840688
-0.1498841
-0.121640995
-0.15973276
-0.12759426
-0.12923403
-0.15861243
-0.14934848
-0.1619892
-0.14365497
-0.11365671
-0.0926237
-0.087215744
-0.07667192
-0.060099207
-0.116255194
-0.084994875
-0.12122621
-0.12761456
-0.10791954
-0.116135344
-0.12616384
-0.094334275
-0.11575208
-0.1080053
-0.12762283
-0.11416556
-0.12053214
-0.12546194
-0.11727173
-0.10315412
-0.07266292
-0.113902956
-0.0708521
-0.11062809
-0.115110725
-0.09787334
-0.14362215
-0.07788855
-0.098196864
-0.11481576
-0.14397576
-0.12604763
-0.11065197
-0.11533713
-0.0745633
-0.097530484
-0.083369136
-0.1347669
-0.100218296
-0.13772056
-0.12363932
-0.11613772
-0.12462515
-0.11836473
-0.13266832
-0.10843083
-0.107805476
-0.08121401
-0.07446048
-0.06315668
-0.09227996
-0.080537215
-0.09127798
-0.050498523
-0.08307026
-0.10758027
-0.06835069
-0.082104035
-0.07210295
-0.123760946
-0.06281968
-0.089726314
-0.057951193
-0.06076767
-0.03108652
-0.022965832
-0.09602901
-0.05516322
-0.08674808
-0.073885836
-0.10163071
-0.09613306
-0.083460286
-0.08296509
-0.03873751
-0.02716325
-0.031919226
-0.13364467
-0.099330485
-0.112344146
-0.11393979
-0.10463381
-0.04348063
-0.037512466
-0.019212304
-0.091427535
-0.08406748
-0.08509218
-0.06202328
-0.048801985
-0.015230125
-0.016504185
-0.16765638
-0.11558429
-0.1381244
-0.11470962
-0.09828154
-0.046197195
-0.057618625
-0.001469569
-0.08878953
-0.09169531
-0.07369453
-0.05467262
-0.10625245
-0.08561772
-0.09511477
-0.09881792
-0.116196506
-0.07710834
-0.09186639
-0.060496308
-0.09105917
-0.07363662
-0.08405041
-0.09383563
-0.09865435
-0.08905752
-0.08469738
-0.087914206
-0.049100515
-0.039905187
-0.031625234
-0.10924661
-0.09545025
-0.07238118
-0.082068145
-0.078122
-0.0832434
-0.081425875
-0.077236556
-0.104687296
-0.10465748
-0.09945115
-0.09214977
-0.10455929
-0.08617166
-0.07633592
-0.084149234
