-0.27038562
-0.3056759
-0.301326
-0.24917841
-0.29049093
-0.2659619
-0.30800614
-0.36684862
-0.32494113
-0.3504703
-0.28396267
-0.39078304
-0.32096225
-0.35528603
-0.28739804
-0.35846305
-0.39181906
-0.36838233
-0.28767154
-0.3328392
-0.26007977
-0.28490406
-0.255553
-0.30468008
-0.27557725
-0.30825087
-0.27296886
-0.34734255
-0.27447343
-0.38989064
-0.34590617
-0.4205786
-0.32918465
-0.3152086
-0.35321793
-0.39006388
-0.08553217
-0.1034323
-0.09476621
-0.03979082
-0.14708433
-0.13406484
-0.13769205
-0.13127941
-0.15498993
-0.11018503
-0.18065272
-0.18056843
-0.17114134
-0.14210029
-0.16439514
-0.14094743
-0.1473239
-0.17390245
-0.14517768
-0.1634899
-0.1323936
-0.10392165
-0.10756355
-0.0805194
-0.04779511
-0.040639665
-0.12984055
-0.08030268
-0.12375397
-0.16265297
-0.088893704
-0.11913696
-0.13056026
-0.09284639
-0.091864206
-0.09901319
-0.13778573
-0.096991286
-0.103434734
-0.13243176
-0.13547246
-0.12800433
-0.0467025
-0.10860095
-0.06362936
-0.1273729
-0.13357516
-0.10292793
-0.12760296
-0.06196849
-0.13660024
-0.09169752
-0.13095064
-0.10292429
-0.091843225
-0.0997151
-0.07344721
-0.073954366
-0.04922007
-0.11681597
-0.12055412
-0.15041249
-0.10982086
-0.11434847
-0.14775082
-0.12113089
-0.120058745
-0.09812896
-0.07827872
-0.11564772
-0.05788651
-0.07648976
-0.071685806
-0.10478896
-0.077108555
-0.066931106
-0.030129515
-0.09005751
-0.054389086
-0.10109582
-0.03830162
-0.11454715
-0.070326775
-0.09242848
-0.053847887
-0.091855615
-0.04346464
0.00983407
-0.1187346
-0.056858566
-0.08972107
-0.070105
-0.11462962
-0.109532095
-0.07860876
-0.07190339
-0.054047883
-0.023579767
0.026148383
-0.13427211
-0.12531686
-0.11995431
-0.12659949
-0.11549131
-0.052352667
-0.012790437
-0.011971931
-0.10981291
-0.043914825
-0.090633824
-0.055437684
-0.07141539
-0.01414317
-0.0015057533
-0.1764807
-0.1468881
-0.13967231
-0.120272696
-0.12056433
-0.056716602
-0.03435356
0.024551047
-0.11793969
-0.08020089
-0.06397283
-0.035845708
-0.09651274
-0.104210556
-0.091774315
-0.08161625
-0.08493167
-0.05707502
-0.08526257
-0.050213147
-0.10345409
-0.07194251
-0.08835041
-0.03764908
-0.10575242
-0.06093231
-0.075056024
-0.069832265
-0.04028822
-0.0553398
-0.010532857
-0.11433147
-0.08643293
-0.078914665
-0.020958873
-0.111617446
-0.07076449
-0.061083782
-0.05371958
-0.08661691
-0.07056565
-0.07290396
-0.08280232
-0.09228528
-0.07982482
-0.089948304
-0.057945494
