-0.26890507
-0.315037
-0.27902108
-0.22191505
-0.25645328
-0.25733438
-0.28373227
-0.36443827
-0.2819285
-0.26008904
-0.26789272
-0.34766158
-0.26754043
-0.33089367
-0.21429348
-0.26562053
-0.33818066
-0.3079238
-0.28199932
-0.3016311
-0.2567177
-0.2399253
-0.19718151
-0.26106122
-0.27347174
-0.30179265
-0.2237401
-0.29356718
-0.24161796
-0.316112
-0.28184462
-0.32619387
-0.29516342
-0.23179764
-0.26292166
-0.31083822
-0.07604888
-0.098817565
-0.09263506
-0.09093362
-0.14829229
-0.16036204
-0.14246686
-0.14401582
-0.15849842
-0.1464114
-0.17228457
-0.15489288
-0.15412138
-0.12232817
-0.15089826
-0.14811438
-0.1626251
-0.16686194
-0.16512576
-0.16026512
-0.13765696
-0.14049965
-0.09965996
-0.098906726
-0.062730536
-0.06014694
-0.11153657
-0.12086506
-0.14278595
-0.12874769
-0.12432702
-0.13121095
-0.118562154
-0.11345815
-0.10476021
-0.1092646
-0.11762873
-0.12734766
-0.114681594
-0.13112076
-0.13986175
-0.11162872
-0.066218115
-0.10593205
-0.085376404
-0.08927855
-0.114496686
-0.1174812
-0.1441804
-0.09138306
-0.14315149
-0.10680328
-0.12248116
-0.12571152
-0.117994525
-0.09268739
-0.08364706
-0.09731743
-0.088063836
-0.14376228
-0.114023484
-0.13607399
-0.11760939
-0.10830173
-0.12594707
-0.14226769
-0.116193
-0.11249555
-0.10164722
-0.11429215
-0.087932825
-0.09296426
-0.0830224
-0.10889811
-0.09414055
-0.07817981
-0.09435203
-0.0968106
-0.073912546
-0.12914732
-0.07432821
-0.12914148
-0.08889863
-0.094424464
-0.08201079
-0.049786545
-0.031387415
-0.017969318
-0.1259058
-0.06759655
-0.103969924
-0.10527392
-0.09927676
-0.08614383
-0.10240184
-0.08637519
-0.060003825
-0.025137335
-0.01208656
-0.13237451
-0.1591069
-0.11950249
-0.13091221
-0.12847356
-0.048550777
-0.022366064
-0.024500562
-0.0930817
-0.07995166
-0.095152386
-0.07648709
-0.06817782
-0.017252503
-0.030289827
-0.1853854
-0.13031064
-0.1602078
-0.13269247
-0.114265025
-0.049189642
-0.03842104
-0.011059329
-0.108319744
-0.080263324
-0.09528183
-0.06913617
-0.0952041
-0.0959104
-0.07844123
-0.099687636
-0.118358
-0.07975573
-0.092774846
-0.07767789
-0.08205442
-0.06296333
-0.0984898
-0.065581396
-0.11373166
-0.07259872
-0.08250319
-0.07612432
-0.06295431
-0.05476766
-0.049261678
-0.06598991
-0.1093669
-0.09891925
-0.084694564
-0.09921633
-0.08988001
-0.07083906
-0.08228662
-0.09102554
-0.08816169
-0.07289592
-0.09794465
-0.107685216
-0.089979544
-0.09256179
-0.08283598
