-0.30124578
-0.2617455
-0.28574526
-0.22646007
-0.234719
-0.24668078
-0.28791514
-0.34888613
-0.29186216
-0.26810923
-0.26313543
-0.34870794
-0.27105626
-0.3252625
-0.25159
-0.2872161
-0.3271313
-0.28961703
-0.2599926
-0.30714646
-0.26200598
-0.23227042
-0.20597418
-0.27232552
-0.2609791
-0.30646494
-0.24595672
-0.31303966
-0.23490734
-0.31242317
-0.27442724
-0.32367927
-0.29099268
-0.24293105
-0.26393655
-0.34868416
-0.08534127
-0.09390897
-0.062905334
-0.073574275
-0.16344906
-0.1508913
-0.13798675
-0.14128792
-0.14003007
-0.12175603
-0.14004236
-0.17969987
-0.16522288
-0.117981404
-0.15702902
-0.13106684
-0.15729916
-0.16731279
-0.15902318
-0.15311852
-0.1275386
-0.11064866
-0.09361251
-0.089072905
-0.07223175
-0.04865215
-0.12583077
-0.105939634
-0.11105024
-0.118870676
-0.1309233
-0.12395289
-0.13943155
-0.108937085
-0.121084526
-0.10577926
-0.12556948
-0.12125642
-0.10155104
-0.13407981
-0.1498072
-0.11666793
-0.073615424
-0.105560996
-0.081778355
-0.117977664
-0.12358902
-0.12615892
-0.1502368
-0.07869822
-0.119492985
-0.12184604
-0.14137135
-0.12764633
-0.106904015
-0.08869818
-0.055671766
-0.08688366
-0.07836103
-0.11702993
-0.13033348
-0.14567336
-0.12744264
-0.12200525
-0.13923368
-0.13429672
-0.124624126
-0.104212925
-0.11864624
-0.10313485
-0.0950988
-0.089049935
-0.082306005
-0.08492896
-0.1055388
-0.065772
-0.08415002
-0.08751136
-0.060535822
-0.10135096
-0.08139325
-0.08709248
-0.07751764
-0.089121655
-0.0576427
-0.07970632
-0.03932004
-0.0070158537
-0.10427978
-0.06725197
-0.100779824
-0.094730325
-0.09854508
-0.10994901
-0.0741918
-0.09944941
-0.04645108
-0.042199627
-0.008318954
-0.12866771
-0.116449095
-0.09385747
-0.11831617
-0.13555709
-0.07061301
-0.02762279
-0.020178294
-0.07981011
-0.079922356
-0.092707366
-0.07059004
-0.08712761
-0.008623069
-0.020605251
-0.1508742
-0.14212164
-0.13657333
-0.14473554
-0.121753834
-0.03525616
-0.024541924
0.005873982
-0.0990251
-0.09665184
-0.044180173
-0.06505253
-0.08120954
-0.096359015
-0.09706719
-0.090323955
-0.10969658
-0.07730935
-0.07345692
-0.059040215
-0.09300116
-0.0959706
-0.08490684
-0.07642433
-0.10419158
-0.09885047
-0.09063289
-0.07441901
-0.05238774
-0.056556083
-0.03335263
-0.0800238
-0.08362414
-0.077689126
-0.062446956
-0.11930373
-0.10894495
-0.057566125
-0.080413
-0.08319889
-0.060904134
-0.12128502
-0.11750075
-0.093121015
-0.08744437
-0.10050546
-0.070975535
