-0.24584395
-0.26024908
-0.26147297
-0.19082792
-0.21304062
-0.20323074
-0.2583783
-0.33723712
-0.23586784
-0.20715107
-0.21773982
-0.32622433
-0.2446412
-0.33157724
-0.17011237
-0.20647341
-0.34176552
-0.2755543
-0.24270213
-0.28523502
-0.22019354
-0.20027386
-0.16012615
-0.23199205
-0.2587113
-0.25334135
-0.22819586
-0.28197
-0.21105863
-0.28875577
-0.23774315
-0.3303978
-0.2560898
-0.19651763
-0.24020824
-0.28555438
-0.10012522
-0.075551026
-0.07616111
-0.062412485
-0.13372831
-0.1525919
-0.12100856
-0.11928757
-0.13826108
-0.1038831
-0.12942159
-0.15247773
-0.16887642
-0.11925237
-0.15644632
-0.09649997
-0.14075156
-0.14219917
-0.1321308
-0.14552446
-0.15025403
-0.09639949
-0.07827764
-0.0837728
-0.044553604
-0.038098387
-0.11745804
-0.10273754
-0.11453274
-0.13024797
-0.07902388
-0.1113586
-0.109320484
-0.11191014
-0.10521773
-0.10018975
-0.11113103
-0.12222832
-0.10614893
-0.14026026
-0.102809116
-0.07817981
-0.07162294
-0.09100861
-0.053589765
-0.105854705
-0.098280944
-0.099021256
-0.12375624
-0.058265153
-0.12682845
-0.094197094
-0.12775907
-0.121085376
-0.09751806
-0.11274304
-0.08150578
-0.088045865
-0.06532023
-0.12661955
-0.0845653
-0.12169977
-0.11786574
-0.090394646
-0.12309561
-0.10819235
-0.123783514
-0.11107453
-0.08810189
-0.10358724
-0.06889251
-0.081780665
-0.08033437
-0.093074486
-0.07343926
-0.048331425
-0.0628784
-0.0932776
-0.07262925
-0.084480695
-0.06077869
-0.13181736
-0.058467995
-0.0968632
-0.03851315
-0.04651226
-0.0290917
-0.005580491
-0.0963463
-0.046449453
-0.11538847
-0.048178967
-0.09995416
-0.10250591
-0.06832356
-0.05360622
-0.047583885
-0.03410995
0.007440107
-0.13269812
-0.11246423
-0.12003631
-0.10538295
-0.09845237
-0.05491578
-0.03254857
-0.0045787073
-0.097266026
-0.06952651
-0.08229212
-0.045320485
-0.07779527
-0.01697179
-0.002577974
-0.16665
-0.15072337
-0.13539363
-0.1276396
-0.08644683
-0.040809546
-0.025470339
0.012894913
-0.08808694
-0.08150458
-0.07029632
-0.03789519
-0.07875332
-0.090888835
-0.09561938
-0.08447834
-0.108450554
-0.07384561
-0.08034798
-0.044566695
-0.101726495
-0.07258716
-0.086638205
-0.053105652
-0.097601034
-0.083778694
-0.075093426
-0.066791706
-0.035102006
-0.049020093
-0.012903875
-0.10582321
-0.09153758
-0.09096753
-0.052491985
-0.0681122
-0.08393519
-0.0732848
-0.058201056
-0.0891342
-0.07970245
-0.10997801
-0.061498065
-0.08395734
-0.08099591
-0.09637976
-0.05397784
