-0.29455733
-0.31074443
-0.34205547
-0.2393337
-0.2771117
-0.2728228
-0.32388037
-0.34614876
-0.30235127
-0.2962034
-0.29577336
-0.40493274
-0.31484693
-0.37170005
-0.2549293
-0.33220118
-0.39731303
-0.3367004
-0.3049897
-0.3275824
-0.28073153
-0.26632932
-0.21661776
-0.27551255
-0.29727328
-0.32679966
-0.28757972
-0.35479042
-0.27890694
-0.38168493
-0.32095584
-0.36075678
-0.34036392
-0.29675287
-0.32344383
-0.3597133
-0.09397282
-0.08554117
-0.07063941
-0.03139366
-0.1667806
-0.13483658
-0.1418408
-0.14450835
-0.16378637
-0.11118595
-0.17286931
-0.18629616
-0.17526948
-0.13813715
-0.16519897
-0.12311925
-0.14623141
-0.168273
-0.17443027
-0.18252866
-0.15409231
-0.10898438
-0.09919909
-0.108204626
-0.0362535
-0.032025732
-0.12178439
-0.09213528
-0.14028463
-0.13162921
-0.08885422
-0.13377862
-0.13703202
-0.11545954
-0.12356102
-0.0900132
-0.15050718
-0.1251465
-0.12279815
-0.13772751
-0.12461537
-0.13113812
-0.06980082
-0.10108999
-0.055102438
-0.14012173
-0.13621597
-0.10226571
-0.15657324
-0.054013774
-0.15623032
-0.104553565
-0.14130087
-0.12469521
-0.09067471
-0.100047514
-0.06442356
-0.09265654
-0.041994233
-0.16363472
-0.123610765
-0.13171642
-0.119865134
-0.09379133
-0.13507955
-0.13160753
-0.14192237
-0.10149148
-0.075837284
-0.10623273
-0.06968957
-0.09426556
-0.06852577
-0.10870144
-0.09929535
-0.07314656
-0.030152969
-0.09601329
-0.07378426
-0.089423195
-0.04268491
-0.115302555
-0.07733518
-0.10040713
-0.039177507
-0.050169654
-0.017029729
0.013706877
-0.1070658
-0.07474635
-0.108949274
-0.05883725
-0.118656114
-0.10688379
-0.087948084
-0.058972437
-0.054701794
-0.05376311
0.008691961
-0.130066
-0.12737526
-0.11635442
-0.13129498
-0.099341355
-0.061728362
-0.033230826
-0.009198324
-0.09831813
-0.073116705
-0.080210276
-0.04813448
-0.06638392
-0.017957106
0.0011844533
-0.19761482
-0.171999
-0.16377151
-0.15906283
-0.1106331
-0.065265924
-0.026320377
0.018838316
-0.105361566
-0.08447559
-0.06069683
-0.035287626
-0.09339095
-0.08322148
-0.10399162
-0.06220474
-0.10625533
-0.0601516
-0.08537966
-0.04219497
-0.093272254
-0.08957054
-0.07659385
-0.044731043
-0.09524927
-0.08501154
-0.091066435
-0.06111299
-0.041343026
-0.045394182
0.0070926286
-0.09390233
-0.09053138
-0.09127493
-0.030716341
-0.11335135
-0.08352083
-0.07487908
-0.03841767
-0.10241186
-0.10792813
-0.09128716
-0.07282006
-0.097786576
-0.07815296
-0.07226271
-0.05108341
