-0.26718947
-0.26429233
-0.2952415
-0.23649478
-0.27144268
-0.25754094
-0.31075728
-0.36691034
-0.29225206
-0.26999584
-0.2851681
-0.39893472
-0.29906195
-0.3556435
-0.23045805
-0.31997842
-0.3845702
-0.31079295
-0.2870233
-0.29709342
-0.289211
-0.2389756
-0.21268943
-0.29888582
-0.30106267
-0.31495368
-0.24108785
-0.35376418
-0.26865628
-0.33311245
-0.29933828
-0.36819836
-0.3251398
-0.27143505
-0.30738002
-0.3323569
-0.102240615
-0.09894802
-0.06938394
-0.08004109
-0.15743484
-0.14722261
-0.15519139
-0.1303031
-0.18699026
-0.12757058
-0.15612592
-0.16788243
-0.15564415
-0.1344898
-0.15947977
-0.13944249
-0.1609355
-0.16872248
-0.15018798
-0.18008377
-0.12858889
-0.13694574
-0.105718136
-0.114612125
-0.05632677
-0.057422034
-0.1437282
-0.099492185
-0.12420441
-0.14108051
-0.12146147
-0.14587688
-0.13409482
-0.10547302
-0.1254133
-0.122604094
-0.12624314
-0.13656296
-0.11571607
-0.12018086
-0.14504205
-0.09917726
-0.06254187
-0.098825954
-0.09729576
-0.1224652
-0.12764752
-0.10906238
-0.1517217
-0.09720658
-0.15096982
-0.10131278
-0.13956746
-0.13923724
-0.11917919
-0.11825857
-0.07580992
-0.09504734
-0.08982634
-0.16307108
-0.11742137
-0.14661697
-0.13950606
-0.13207904
-0.16618967
-0.13371958
-0.15351322
-0.107627966
-0.11549192
-0.103222474
-0.08984085
-0.088383116
-0.101293385
-0.10582884
-0.10483977
-0.063091695
-0.08685756
-0.08852279
-0.07909058
-0.10735845
-0.065788954
-0.09740331
-0.07684208
-0.06611696
-0.06597785
-0.060265448
-0.033148307
-0.015867056
-0.10021164
-0.0703588
-0.11133917
-0.09694327
-0.103468776
-0.121332034
-0.08406871
-0.10132725
-0.07007875
-0.0400307
-0.017554283
-0.15125029
-0.1566234
-0.12746565
-0.15013896
-0.13051505
-0.055787574
-0.040364318
-0.028940914
-0.10537208
-0.08600793
-0.07884279
-0.086107016
-0.06557906
-0.025240622
-0.030293442
-0.18374808
-0.13004816
-0.14331059
-0.1491182
-0.122835
-0.06411436
-0.04346586
-0.00985816
-0.12288647
-0.094819896
-0.071882345
-0.07250332
-0.09602592
-0.123903766
-0.08578362
-0.110842094
-0.10696145
-0.073393226
-0.09609829
-0.07077724
-0.08211857
-0.09722544
-0.09794666
-0.059745345
-0.1411448
-0.09826916
-0.10155593
-0.07188973
-0.040772095
-0.05894878
-0.054408398
-0.12483831
-0.084704995
-0.07877781
-0.08245847
-0.09605385
-0.0839984
-0.0750835
-0.07998709
-0.11218851
-0.09254164
-0.104277045
-0.11045665
-0.11266644
-0.082415275
-0.10153116
-0.06871442
