-0.29379836
-0.29862612
-0.32283092
-0.27581206
-0.28578493
-0.26659527
-0.29832396
-0.34327033
-0.33052626
-0.34842202
-0.30521324
-0.40125325
-0.33828282
-0.35247198
-0.28200433
-0.35617584
-0.40331936
-0.34789202
-0.3100242
-0.28440708
-0.25692895
-0.29314014
-0.24272469
-0.29507613
-0.30124694
-0.32280487
-0.28881955
-0.3631123
-0.27274647
-0.40756378
-0.3343402
-0.39195675
-0.32702503
-0.32669768
-0.3381327
-0.3594556
-0.08791661
-0.1192711
-0.09145754
-0.049573977
-0.1702506
-0.18199709
-0.16792445
-0.13129804
-0.15329556
-0.11271297
-0.15951192
-0.19114573
-0.1708649
-0.14883071
-0.16169232
-0.13022166
-0.14827007
-0.1741876
-0.1573189
-0.17234403
-0.13899213
-0.10262266
-0.10628655
-0.09876686
-0.0577739
-0.03834859
-0.15537208
-0.08989934
-0.13223447
-0.15788278
-0.08628274
-0.14145292
-0.13055727
-0.10036526
-0.13575435
-0.09333538
-0.14767501
-0.12935847
-0.12136374
-0.14760518
-0.12675959
-0.1048923
-0.067241006
-0.12961529
-0.068194926
-0.13062231
-0.13705404
-0.11577033
-0.16075699
-0.058814116
-0.13797025
-0.10505576
-0.12711889
-0.10904247
-0.09139284
-0.100287326
-0.07849798
-0.086573765
-0.050744228
-0.16258202
-0.11216812
-0.13396642
-0.11815901
-0.10222888
-0.16134916
-0.11829925
-0.12207097
-0.084913015
-0.086050406
-0.10295619
-0.073372774
-0.07590851
-0.06038223
-0.124149926
-0.110935
-0.053231306
-0.039795786
-0.093634255
-0.03277528
-0.10148357
-0.03206354
-0.10142474
-0.086143546
-0.110151984
-0.05281323
-0.067982316
-0.021468507
0.0006901602
-0.1310651
-0.058517072
-0.115877554
-0.0724029
-0.0990524
-0.12880501
-0.08609681
-0.06316381
-0.06543256
-0.034782145
0.019301357
-0.12931944
-0.12361857
-0.10981049
-0.13235067
-0.117894374
-0.08152409
-0.013518753
-0.006150197
-0.09456925
-0.0558832
-0.08614153
-0.05247921
-0.08509415
-0.021261733
-0.0104957335
-0.16005053
-0.1524994
-0.16746448
-0.15041184
-0.121487185
-0.08140083
-0.035532545
0.011770844
-0.09517082
-0.08215951
-0.060607832
-0.049239304
-0.09927121
-0.08857282
-0.08740366
-0.06519912
-0.08919286
-0.050221987
-0.08886026
-0.04033072
-0.09671346
-0.07639971
-0.089443035
-0.04277549
-0.10198334
-0.05670237
-0.07696026
-0.058468785
-0.031313423
-0.05382362
-0.004791319
-0.089252226
-0.09559573
-0.10030862
-0.034864634
-0.1120383
-0.099129364
-0.063209735
-0.046553116
-0.075399056
-0.068297505
-0.093227975
-0.07179604
-0.10335926
-0.07873342
-0.0931953
-0.051589355
