-0.27139813
-0.2316093
-0.28072524
-0.21953896
-0.23370685
-0.24484083
-0.2775723
-0.34733337
-0.24559686
-0.24791881
-0.26962006
-0.35963213
-0.26467004
-0.33210078
-0.22746862
-0.2618946
-0.36350182
-0.2864978
-0.2766179
-0.300561
-0.2427422
-0.22754759
-0.18838936
-0.2394613
-0.2757815
-0.29709345
-0.26906812
-0.2957636
-0.24762915
-0.3370908
-0.274908
-0.3404098
-0.2720369
-0.21193065
-0.26656634
-0.31296664
-0.096165046
-0.08227516
-0.08598753
-0.071806684
-0.18451735
-0.14095865
-0.17121658
-0.11722363
-0.15950626
-0.12835015
-0.15018898
-0.16468555
-0.16149448
-0.13535357
-0.14678079
-0.124411926
-0.15740117
-0.16983739
-0.14466885
-0.16889651
-0.13160656
-0.09521168
-0.10121269
-0.077814065
-0.046547167
-0.05852429
-0.117239736
-0.095734686
-0.12475498
-0.12583478
-0.10566774
-0.13447067
-0.13678575
-0.11314049
-0.1095123
-0.09955019
-0.12689894
-0.1337365
-0.10518843
-0.12251938
-0.12684499
-0.10317629
-0.06072965
-0.10432105
-0.07402124
-0.12578548
-0.12626497
-0.0977498
-0.12195063
-0.07579575
-0.12873608
-0.096664384
-0.116809666
-0.1028046
-0.092583604
-0.06134883
-0.058684904
-0.08703433
-0.075546175
-0.12156578
-0.11703927
-0.11923517
-0.11146597
-0.10920253
-0.14067756
-0.12182986
-0.109474994
-0.09257482
-0.1017791
-0.09830951
-0.06808108
-0.081753224
-0.07385846
-0.08995941
-0.08764886
-0.081783034
-0.06745473
-0.09431941
-0.052438084
-0.09610841
-0.060026698
-0.10100398
-0.076603845
-0.09614907
-0.046875942
-0.051676303
-0.030331051
-0.004449226
-0.08604451
-0.057321347
-0.10479974
-0.0822797
-0.08746922
-0.09437649
-0.08385083
-0.093054965
-0.05950462
-0.025791466
-0.012548808
-0.1181632
-0.13382775
-0.10619076
-0.14458331
-0.10238053
-0.082785755
-0.047054492
-0.00087844225
-0.0932367
-0.068736225
-0.08042358
-0.07301074
-0.05811113
-0.007868831
-0.015734479
-0.14640434
-0.13023257
-0.13889462
-0.14185807
-0.12022119
-0.041196514
-0.038663108
0.0025063073
-0.08157356
-0.10033264
-0.06890018
-0.05775249
-0.07669315
-0.07229916
-0.10437626
-0.0759281
-0.09757166
-0.06791079
-0.07832799
-0.048305657
-0.099074595
-0.077590905
-0.08197507
-0.059359364
-0.10676558
-0.07079742
-0.07371234
-0.05831943
-0.053201243
-0.045808665
-0.005992791
-0.09645162
-0.073723294
-0.07874947
-0.059811823
-0.091853
-0.07455602
-0.07277371
-0.07441375
-0.08471355
-0.08795073
-0.08890633
-0.07922785
-0.10602928
-0.09139284
-0.095262565
-0.06503821
