-0.42474136
-0.59783006
-0.21371154
-0.08201042
-0.17028916
-0.18759413
-0.2151567
-0.3846124
-0.5335778
-0.15654448
-0.08911508
-0.38772926
-0.16809666
-0.3554889
-0.21023762
-0.30146217
-0.54052895
-0.50956184
-0.40436462
-0.541404
-0.07614831
-0.08806821
-0.11803124
-0.27442852
-0.19523795
-0.2669523
-0.60872763
-0.29149517
-0.10139021
-0.46501336
-0.24672025
-0.4769482
-0.12924156
-0.22295696
-0.33221656
-0.32647943
-0.45376623
-0.39594233
-0.25825715
-0.04742979
-0.4316244
-0.53781515
-0.27191898
-0.24181424
-0.4112701
0.0026892424
-0.5100286
-0.6146202
-0.35074222
-0.18402101
-0.43444034
-0.009606082
-0.48887786
-0.42058328
-0.36519852
-0.34338447
-0.2562709
-0.031173868
-0.44569886
-0.42555493
-0.06667527
-0.0075130044
-0.49962452
-0.06404922
-0.17388013
-0.42293373
-0.011805713
-0.4966772
-0.523618
-0.10775019
-0.32974586
-0.011977685
-0.41301084
-0.28438613
-0.15247612
-0.20642829
-0.0031759585
-0.5000429
-0.031414226
-0.2934082
0.0013360236
-0.43381855
-0.43742043
-0.16337964
-0.41036126
-0.03868083
-0.50095695
-0.083662786
-0.41335964
-0.26282233
-0.00973389
-0.4653103
-0.1594839
-0.36292055
-0.0019764577
-0.4162142
-0.13021511
-0.4013042
-0.19377357
-0.011709783
-0.5728369
-0.33495915
-0.4945723
-0.07086308
-0.018317392
-0.43642932
-0.08896151
-0.2183785
-0.009292066
-0.45963007
-0.4015296
-0.09365684
0.00013016199
-0.53890043
-0.017041788
-0.4469384
-0.011185687
-0.555541
-0.096925214
-0.40277377
-0.01479603
-0.5199368
-0.11492187
-0.004949743
-0.35349572
-0.030428043
-0.29353255
-0.005361202
-0.45987204
-0.21705112
-0.1712447
-0.01940956
-0.44656235
-0.18212926
-0.014783183
-0.23122218
-0.26387414
-0.13291179
-0.20406066
-0.015145862
-0.610352
-0.03264727
0.003455453
-0.433495
-0.12709059
-0.2645601
-0.011753241
-0.52203983
-0.021797758
-0.008585536
-0.50074077
-0.54362714
-0.4619017
-0.22847967
-0.046194375
-0.44678715
-0.16879517
0.0005038298
-0.46229708
-0.3004415
-0.10463872
-0.007305375
-0.19075467
-0.19608927
-0.17611156
-0.012509861
-0.52905244
-0.1401022
-0.15743019
-0.0150003815
-0.47523654
-0.14410132
-0.36595905
-0.018700086
-0.4355959
-0.16080451
-0.21185319
-0.0072807237
-0.11357563
-0.19753389
-0.002479891
-0.49207368
-0.24835202
-0.31483144
-0.011914251
-0.43659875
-0.18977812
-0.11345933
-0.012689529
-0.16955756
-0.13587262
-0.15899798
0.00553329
-0.45804211
-0.27165478
-0.3557142
-0.025542792
