-0.51347595
-0.5032012
-0.19549562
-0.13089374
-0.099218056
-0.108465366
-0.1570789
-0.36988056
-0.52011305
-0.12839417
-0.1424607
-0.3239479
-0.13399112
-0.29523474
-0.16797103
-0.25631148
-0.4167998
-0.29732433
-0.48657408
-0.49346262
-0.10963294
-0.11186983
-0.12505737
-0.17019239
-0.19873823
-0.2771598
-0.49219713
-0.18921718
-0.11794784
-0.3616755
-0.22635862
-0.30458888
-0.13276872
-0.29248765
-0.18761508
-0.23976213
-0.47922358
-0.46366856
-0.33678487
-0.03155181
-0.5121396
-0.46281978
-0.26163447
-0.1705445
-0.32348782
-0.04780105
-0.46947074
-0.44975522
-0.33704045
-0.12949349
-0.39230755
-0.060902525
-0.46693474
-0.5268064
-0.3645285
-0.33512878
-0.26401132
-0.066584505
-0.49553928
-0.49701172
-0.1441208
-0.027564833
-0.47611526
-0.06376901
-0.119489685
-0.42262435
-0.04837966
-0.4926079
-0.49443543
-0.1560229
-0.2959236
-0.04152388
-0.50259024
-0.14456381
-0.06729039
-0.26989204
-0.039283484
-0.4899122
-0.049503572
-0.31170282
-0.03919359
-0.47577545
-0.460909
-0.18690868
-0.3360907
-0.04702149
-0.5244042
-0.09840999
-0.31238887
-0.29815182
-0.041916568
-0.51421106
-0.13024664
-0.3779675
-0.03421406
-0.5257515
-0.10331906
-0.3899367
-0.17344145
-0.044498872
-0.46356168
-0.29459292
-0.3133806
-0.16584931
-0.052321818
-0.50987536
-0.07522328
-0.20550069
-0.030545099
-0.49575874
-0.50497997
-0.14215802
-0.028058726
-0.5277964
-0.035663832
-0.26799124
-0.035067517
-0.4865045
-0.15688781
-0.35867816
-0.029245518
-0.45917216
-0.07545524
-0.020192485
-0.4852113
-0.04915413
-0.21959595
-0.034729175
-0.47444206
-0.2284978
-0.17543022
-0.022412442
-0.47591275
-0.21797496
-0.018936893
-0.124379
-0.20184065
-0.12790217
-0.2608654
-0.05707094
-0.48907238
-0.04142581
-0.012665036
-0.51349944
-0.1840353
-0.30483818
-0.020276142
-0.47239265
-0.0358684
-0.016154699
-0.52284056
-0.4734376
-0.5577416
-0.19621699
-0.048460897
-0.4951703
-0.21663119
-0.01631372
-0.5116873
-0.2725818
-0.061627727
-0.02961924
-0.1506931
-0.1622631
-0.121502474
-0.035289183
-0.47496238
-0.08288535
-0.15683058
-0.022837987
-0.47115737
-0.26575595
-0.35271236
-0.03162012
-0.48075616
-0.16166052
-0.17357463
-0.036420338
-0.1348509
-0.17173167
-0.020990133
-0.48575583
-0.3092748
-0.31936142
-0.031600673
-0.47591048
-0.11005636
-0.16931419
-0.033399146
-0.12064107
-0.12529628
-0.16125724
-0.023886962
-0.5161619
-0.22543342
-0.40534067
-0.04345212
