-0.47394073
-0.49410665
-0.21463478
-0.1517048
-0.18227716
-0.17234401
-0.19398788
-0.31119606
-0.59294075
-0.24636745
-0.24019057
-0.36420873
-0.2545934
-0.33187166
-0.26067695
-0.30232581
-0.4638521
-0.35317758
-0.50867194
-0.51592016
-0.17026448
-0.1767914
-0.17246304
-0.22337377
-0.20529616
-0.24836174
-0.56995577
-0.26855773
-0.20650831
-0.38848755
-0.2848359
-0.3910876
-0.2599987
-0.26000014
-0.2556127
-0.32243225
-0.13830285
-0.1720554
-0.050558425
-0.07747852
-0.23086296
-0.25331
-0.09412058
-0.039877623
-0.11911813
-0.075681485
-0.32301491
-0.21763054
-0.15084991
-0.05234598
-0.21449973
-0.095692284
-0.3153384
-0.14653207
-0.065984875
-0.12669963
-0.058049005
-0.08390108
-0.17935143
-0.16138454
-0.0070642238
-0.03316371
-0.30807835
-0.031497873
-0.07209755
-0.15080035
-0.05641329
-0.28797317
-0.3216762
-0.053871784
-0.097161375
-0.079731874
-0.31720352
-0.09427647
-0.05345898
-0.06826687
-0.09138129
-0.3344964
-0.01563329
-0.14681874
-0.06596673
-0.32742912
-0.33133054
-0.07591739
-0.20060271
-0.070862636
-0.27706438
-0.038219344
-0.13045184
-0.06852929
-0.0672799
-0.17442834
-0.020323686
-0.09221848
-0.056716103
-0.3395257
-0.06469426
-0.173271
-0.0800643
-0.08080476
-0.22662671
-0.064850315
-0.10702868
-0.018122645
-0.048621926
-0.26586303
-0.024163539
-0.06543485
-0.06196583
-0.19953421
-0.18085556
-0.027743222
-0.036065444
-0.28085712
-0.011270985
-0.11590239
-0.046362296
-0.29957354
-0.062464267
-0.15356958
-0.064454116
-0.16812783
-0.0073985145
-0.041726947
-0.27140552
-0.008870052
-0.08242215
-0.06614877
-0.3220447
-0.08057118
-0.06077761
-0.07395761
-0.11291001
-0.023567801
-0.045237757
-0.068975225
-0.09862729
-0.06496533
-0.08146997
-0.085261226
-0.16438109
-0.006999344
-0.04137732
-0.18357772
-0.014447761
-0.061190497
-0.029399535
-0.17638966
-0.011184903
-0.03656922
-0.22545695
-0.19053045
-0.17992286
-0.11688911
-0.11415641
-0.18371646
-0.022598065
-0.022949744
-0.19745806
-0.044062074
-0.029935475
-0.034273293
-0.031169845
-0.069384776
-0.030162707
-0.06959838
-0.21060364
-0.021844557
-0.05842818
-0.046885148
-0.21552585
-0.045798138
-0.07297867
-0.049066972
-0.21852425
-0.03914211
-0.040275887
-0.05815269
-0.010263821
-0.024009025
-0.04579376
-0.16326196
-0.031694993
-0.059925117
-0.050271835
-0.21396771
-0.036783494
-0.019977713
-0.051924996
-0.04782159
-0.043300826
-0.053146586
-0.067391664
-0.23178159
-0.037548166
-0.066267274
-0.05686409
