-0.47130105
-0.4797296
-0.16330443
-0.11191083
-0.12808515
-0.13623667
-0.17071386
-0.30856553
-0.5693939
-0.19607832
-0.17783053
-0.32789132
-0.22131813
-0.30414006
-0.24738832
-0.24770063
-0.43953654
-0.36880726
-0.48550206
-0.50942993
-0.12928027
-0.09862773
-0.12708434
-0.19119573
-0.17322157
-0.21758513
-0.55096394
-0.21609315
-0.17044742
-0.3713501
-0.2084683
-0.35124427
-0.17868072
-0.20263377
-0.2326927
-0.26665193
-0.16185378
-0.21294834
-0.0920122
-0.043723125
-0.22461082
-0.27849084
-0.06443164
-0.06175446
-0.15403546
-0.037892044
-0.33355767
-0.27315345
-0.11229842
-0.055116426
-0.19199081
-0.059862856
-0.31236216
-0.15026544
-0.09236169
-0.19143227
-0.07270423
-0.043932416
-0.23086096
-0.29714966
-0.019292438
-0.0065406593
-0.325576
-0.01616924
-0.032822296
-0.18890005
-0.02790021
-0.33554626
-0.3573287
-0.042359672
-0.10626774
-0.046227634
-0.36310402
-0.12308818
-0.03875197
-0.058128033
-0.047702044
-0.40936577
-0.005087926
-0.16985242
-0.028146088
-0.3452231
-0.4052611
-0.09412089
-0.20749001
-0.058385156
-0.26004106
-0.03119804
-0.17640465
-0.07577923
-0.045277655
-0.2699726
-0.014117121
-0.080705635
-0.030056356
-0.4129613
-0.047557723
-0.17999437
-0.052968327
-0.0461855
-0.33772507
-0.122663274
-0.11258551
-0.0089512365
-0.029829709
-0.26493025
-0.029779647
-0.05845929
-0.033184953
-0.20995831
-0.23598388
-0.022196397
-0.017969614
-0.29461274
-0.011924179
-0.16108462
-0.03554181
-0.3113565
-0.051629968
-0.18479246
-0.04263463
-0.21859697
-0.011285159
-0.008386437
-0.36566225
-0.004060491
-0.11849531
-0.034905784
-0.3509972
-0.0878348
-0.036908135
-0.04026528
-0.12278659
-0.05961858
-0.008383268
-0.06504012
-0.09363709
-0.0439067
-0.07269479
-0.053467393
-0.2214765
-0.0013896611
-0.03284535
-0.23124723
-0.037862957
-0.058475703
-0.026322484
-0.2541107
-0.010125801
-0.017944109
-0.20208806
-0.26881674
-0.18859203
-0.10686473
-0.08739931
-0.20237397
-0.014533932
-0.015369899
-0.23280464
-0.060817927
-0.028404543
-0.026334956
-0.06013153
-0.07028845
-0.0606957
-0.046212897
-0.2828087
-0.009856308
-0.019768579
-0.027812866
-0.26177654
-0.08437826
-0.117875636
-0.025050174
-0.22344738
-0.03763022
-0.03656594
-0.03641015
-0.0076688835
-0.045028254
-0.030499933
-0.21179678
-0.05986404
-0.10281594
-0.03153045
-0.25572586
-0.046078052
-0.01841767
-0.019200241
-0.040519763
-0.03517603
-0.059592556
-0.049727827
-0.26423872
-0.03684914
-0.094138265
-0.023775885
