-0.41880658
-0.60913956
-0.15839878
-0.075408466
-0.1097802
-0.11720564
-0.15650105
-0.338323
-0.54512906
-0.14034104
-0.1309202
-0.364413
-0.16152051
-0.2674164
-0.19907272
-0.20427111
-0.41998988
-0.36413735
-0.53689015
-0.513948
-0.079878576
-0.07640966
-0.11785858
-0.17206076
-0.14785555
-0.2119147
-0.68763804
-0.25002468
-0.1001762
-0.3923959
-0.20800535
-0.4007851
-0.15059242
-0.17843892
-0.17895104
-0.23146094
-0.2620031
-0.3190234
-0.19803022
-0.011470978
-0.3001006
-0.37430882
-0.12144571
-0.11493799
-0.23074944
-0.03761965
-0.39047363
-0.39536378
-0.2328273
-0.07923851
-0.30722985
-0.03535411
-0.40247077
-0.23843558
-0.12632015
-0.2419526
-0.085207984
-0.034557298
-0.35901678
-0.30177158
-0.05440877
-0.015803099
-0.43161207
-0.028141543
-0.080697544
-0.29540887
-0.004911879
-0.35237166
-0.4516723
-0.042481966
-0.21243179
-0.020418799
-0.42654088
-0.18384781
-0.060181268
-0.12329516
-0.02282906
-0.45008227
-0.026334982
-0.19975126
-0.010530194
-0.49248293
-0.46818987
-0.054948725
-0.33294952
-0.040369216
-0.36131018
-0.013143911
-0.25002545
-0.11646623
-0.005990577
-0.400347
-0.0027268091
-0.18013263
-0.01660492
-0.4340027
-0.08439177
-0.25873542
-0.08805523
-0.02535245
-0.44504318
-0.14830853
-0.23915325
-0.038575016
-0.020952107
-0.4312958
-0.017416585
-0.14289959
-0.014925229
-0.3549591
-0.3735562
-0.060264885
0.00056345045
-0.33043227
-0.010804134
-0.27954093
-0.010220846
-0.43342116
-0.046107538
-0.28710505
-0.032522663
-0.3733393
-0.102702826
-0.0043517505
-0.39801022
-0.019243127
-0.25997826
-0.0153241
-0.40987635
-0.14913397
-0.07702722
-0.019720804
-0.24552952
-0.14283328
0.00015419918
-0.094335854
-0.18043971
-0.040372267
-0.119009726
-0.03256121
-0.32291502
-0.011479349
-0.0046890336
-0.31732196
-0.07322431
-0.17043594
0.00642821
-0.37658462
0.0016196298
-0.010311632
-0.25992817
-0.34400666
-0.27215597
-0.08545855
-0.05715857
-0.29220152
-0.079346776
0.0016436771
-0.36720216
-0.123790585
-0.044378113
-0.021233294
-0.05858008
-0.13742225
-0.05043588
-0.02939647
-0.37322
0.004414413
-0.0929704
-0.007697123
-0.31369746
-0.14743923
-0.13385199
-0.0076509565
-0.384173
-0.030746916
-0.10232419
-0.009348625
-0.0459704
-0.11562613
-0.0057574026
-0.36711746
-0.149208
-0.1908636
-0.0049971803
-0.33801386
-0.162884
-0.038826633
-0.013747123
-0.09324061
-0.07550185
-0.101087555
-0.023437606
-0.4223818
-0.14305353
-0.19522274
-0.0120049305
