0.9378764
0.87921685
0.9681234
1.0995543
0.99316585
0.99675745
0.94872516
0.86679476
0.92954093
1.1156287
1.0177284
0.9231868
0.9707157
0.9787663
1.0418265
1.0028293
1.0362775
0.895103
0.9140159
0.9623213
1.0792948
0.9845475
0.93154526
1.0068332
0.92383385
0.9264325
0.9591823
1.1349434
1.0863316
1.0504801
0.98006314
0.93557376
0.9489258
1.0040503
0.9428297
0.9722421
0.8275411
0.7896891
0.99024624
1.5936499
0.9110441
0.77647007
0.85450596
0.94836956
1.0780982
1.6917013
0.9343031
0.9948396
1.0023469
1.1138508
1.0610365
1.7227415
0.8866627
0.90222424
0.98680246
0.8643453
1.0426077
1.6902344
0.9549979
1.1483853
1.0240346
1.6239098
0.7498655
0.6946795
0.8362347
0.8194646
1.7253605
0.737507
1.0120187
0.76454026
0.72764724
1.6883267
0.8440604
0.7741053
0.7166408
0.8246521
1.7394036
0.9022857
1.129657
0.95977545
1.6119373
0.8245379
0.68203115
0.84606594
0.5653669
1.6971458
0.8127744
0.7621526
0.62281054
0.64861673
1.6510905
1.0122575
1.0731077
1.0407411
1.6119589
0.71110433
0.77121425
0.748426
0.74247056
1.7410038
0.7350552
0.67980915
0.8193948
0.63934386
1.67928
1.0216929
1.0381962
1.1243855
1.6239988
0.988353
1.0967739
1.0945894
1.6107277
0.82738787
1.0788388
0.9624715
1.6080872
1.1404854
1.2269682
1.2407109
1.6196971
0.8149848
0.6352084
1.5722283
1.189991
1.2795433
1.2420292
1.6280024
0.94914734
1.1588734
1.0267364
1.6288053
0.8466443
0.8059482
1.6092392
0.7570857
0.84081143
0.90453136
0.79716194
1.7417434
0.95702296
0.84332955
1.6146725
0.6725806
0.68728703
1.1582192
1.6175907
1.1116991
0.8122313
1.6165967
0.85434115
0.7639017
0.65662414
0.65543807
1.7886325
0.83506763
0.6107599
1.5756019
1.1268582
1.0104685
1.2219285
1.6314086
1.1341012
1.07344
0.9572483
1.6133021
1.0108135
1.0812835
1.1618948
1.6157868
0.89685875
0.83891374
0.8542388
1.5968964
1.0033883
1.1235049
0.9077654
1.6348435
0.7440948
0.9004712
1.5998069
0.88523024
0.8592718
0.99265236
1.6027553
0.9495934
1.2111311
1.1333344
1.6375569
0.9155053
1.313315
0.8765219
1.6467053
0.8147336
0.80629504
0.9191168
1.5998185
