0.4536997
0.45856482
0.5622837
0.7793035
0.52289426
0.59559935
0.60891587
0.50240207
0.47418913
0.7391174
0.5703061
0.46285665
0.41539106
0.531541
0.5054699
0.5100498
0.5110666
0.42164814
0.46346527
0.46966475
0.74386424
0.6287302
0.52296215
0.6516737
0.5263582
0.44586575
0.5102692
0.53135985
0.58029026
0.48170695
0.4519793
0.44963872
0.5563174
0.6298875
0.4744538
0.4354935
1.0803057
0.8325226
1.1824977
1.3090873
0.97820497
0.7805602
0.8582266
1.0853254
0.9722226
1.2415243
0.7029365
0.78107977
0.9397195
1.1960623
0.7948744
1.1468607
0.8142937
0.93460137
1.123369
0.8346823
1.0314745
1.2505192
0.9382444
0.9205778
1.1657174
1.1559322
0.45852056
0.59167206
0.5310341
0.5198354
1.1449294
0.5091581
0.54823697
0.5883477
0.6205756
1.2837893
0.43282756
0.4525395
0.5720645
0.41689214
1.2063534
0.93181413
1.5879797
0.86373055
1.0687126
0.47208193
0.49324745
0.76126885
0.43261027
1.3208377
0.5006454
0.6359497
0.55147696
0.59776336
1.3142586
1.0734848
1.1867715
1.1273888
1.1565976
0.37344366
0.568798
0.48084086
0.47934553
1.2079781
0.4063168
0.54702264
0.53111017
0.6774111
1.2544138
1.0528369
1.2392209
1.1898814
1.182076
1.027822
1.0727297
1.388795
1.1658517
0.91406274
1.4031173
1.1629742
1.1210978
1.1840967
1.4788946
0.97952306
1.1488011
0.4877694
0.66633064
1.3015941
1.1168734
1.6345589
1.0596437
1.0699592
0.8583131
1.0346727
1.4103259
1.1278083
0.44962275
0.63151836
1.5351272
0.45152342
0.57378834
0.5600225
0.4331523
1.2474315
0.6171771
0.7147179
1.3166903
1.0428047
1.0649126
1.2469212
1.2514955
0.95863986
0.94311017
1.479404
0.41854087
0.46154308
0.3947242
0.5224197
1.2324791
0.49808693
0.5328671
1.3739976
1.3076165
1.1577938
1.3292205
1.1698601
1.362901
1.2135087
1.2050549
1.1392094
1.107216
1.288084
0.98165756
1.1719135
0.9285509
1.0404042
1.1523514
1.2770165
0.95434713
1.227195
1.0421226
1.1860831
0.6952024
0.51497805
1.2061124
0.9490953
1.1478195
1.1420746
1.2848366
1.0489477
1.2385718
1.2415898
1.1501797
1.1655004
1.489662
1.1259408
1.1450788
0.89281833
1.0215842
1.2519007
1.281151
