0.5830582
0.5786583
0.6721705
0.9256469
0.58483016
0.68537617
0.7045448
0.5585116
0.7800104
0.9485784
0.5826303
0.72495174
0.6457508
0.71527165
0.64237
0.6276626
0.6414874
0.65654594
0.6463962
0.6805602
0.7871471
0.78293264
0.6809189
0.7797837
0.657638
0.63399214
0.7575511
0.73774725
0.8111448
0.6984085
0.6179042
0.6222141
0.68724734
0.8312583
0.6135173
0.72343695
0.7985128
1.1039804
1.1084121
1.5426784
0.99075633
0.8394812
0.7722367
1.0727494
0.9725973
1.5997934
0.8274873
0.8768766
0.97936857
1.1919587
1.0255641
1.5217911
0.7706169
0.8593093
1.2103249
0.8875039
1.0958806
1.5754497
0.94831276
0.969642
1.149392
1.5049338
0.53872937
0.73164785
0.69080776
0.51330346
1.5425161
0.6318145
0.7425698
0.71792793
0.61381394
1.6136564
0.57207775
0.6406198
0.6607528
0.5576967
1.5428797
0.9877325
1.4837921
0.99287176
1.2455302
0.57340074
0.45657107
0.79737693
0.4500306
1.613571
0.6401733
0.7100446
0.60628283
0.55932236
1.6077664
1.1144798
1.2490128
1.1945912
1.4797989
0.54624784
0.65868604
0.562729
0.6521008
1.5541177
0.6397476
0.65952
0.6527021
0.77904195
1.651971
0.9482371
1.11956
1.0765283
1.5157439
0.9963663
1.0885217
1.2367336
1.491549
0.9550736
1.3547077
0.8908913
1.364038
0.886159
1.3175262
0.89755607
1.4475785
0.6525736
0.731925
1.5918777
0.92642874
1.4346582
1.0157849
1.2487556
0.95330894
1.0470176
1.2016329
1.471996
0.5749643
0.63228524
1.5768398
0.6248456
0.5729604
0.7235799
0.5434802
1.6139909
0.696044
0.65158725
1.5447955
0.6998894
0.8153962
0.9837308
1.515422
1.0362742
0.8130854
1.6229643
0.5768668
0.51507574
0.48380807
0.5756316
1.5849408
0.5818876
0.60956854
1.529049
0.9863274
0.94570917
1.1716396
1.5016094
1.1746207
1.16206
1.0238315
1.4668169
0.9828157
1.2206074
0.9653575
1.5045369
0.95977616
1.0211505
0.99931544
1.5362076
1.0922893
1.1920778
1.0342667
1.5213015
0.6609488
0.73012096
1.5213444
0.8644579
0.9948579
1.0528674
1.5716355
0.91446644
1.2662648
1.2231351
1.4847518
1.0333824
1.3280632
1.0078219
1.478438
0.9796907
0.8783412
0.98227465
1.5436407
