0.9225333
0.90842867
1.0529879
1.2545
1.0875102
1.0499508
0.94124484
1.0067664
0.9616019
1.2626278
0.927331
0.93599445
0.95614755
0.88987935
1.0302334
1.0817418
0.9329956
0.94771636
0.9709047
0.94829696
1.1878003
1.040444
0.9181158
1.1199571
0.92192316
0.9009863
0.9316535
1.1099669
1.1295141
1.1124344
0.8457078
0.92128813
0.953853
1.1477894
0.85281473
0.9076198
0.8151702
0.8414586
1.0136135
1.5914387
0.89248747
0.87271833
0.9055451
1.0147048
1.0634292
1.7186493
0.8930286
0.91759276
0.9994745
1.2293043
1.0404303
1.7559471
0.85496694
0.9030521
1.0167671
0.9522476
1.2076546
1.7208184
1.0294441
1.1220496
1.0492164
1.6083534
0.7971757
0.8001723
0.91385
0.8613829
1.7730025
0.76198685
0.9997101
0.737478
0.7770629
1.7030247
0.8805795
0.7871679
0.7419268
0.81905025
1.7696171
0.9629997
1.2664717
1.0607713
1.6180564
0.8406203
0.5933693
0.85190624
0.5996481
1.7102476
0.85252035
0.8198285
0.6691431
0.72226393
1.6805178
1.0001748
1.1235685
1.1396809
1.60946
0.7571285
0.84586185
0.79762703
0.77803683
1.7765532
0.7957253
0.79306465
0.7609758
0.80687803
1.7295114
1.096274
1.0476687
1.1254551
1.6193779
0.98538357
1.111615
1.0800569
1.5890718
0.89402795
1.1795464
1.026889
1.6226435
1.1626215
1.2365773
1.2108
1.6175606
0.80907184
0.694148
1.5968106
1.1474798
1.3250828
1.1950626
1.6164153
0.9803361
1.2879131
1.1246705
1.6236027
0.9012262
0.74127007
1.6389756
0.8479348
0.9769976
1.0126574
0.8199686
1.8023207
0.9549293
0.7325458
1.6377891
0.65425473
0.70767975
1.2196554
1.632115
1.1681612
0.82787263
1.6778064
0.84191394
0.8737755
0.66078407
0.67972076
1.852474
0.8392238
0.64372015
1.5669866
1.1849577
1.0962031
1.2079189
1.6344118
1.1458579
1.0744326
0.9327711
1.6226525
0.9762612
1.1260177
1.1632377
1.6010259
0.97920203
0.9349591
0.9532812
1.6263064
0.99992365
1.1070098
0.98030555
1.6534667
0.7807717
0.9528267
1.6171964
0.90213716
1.0287273
1.0773052
1.6201572
0.9771519
1.2221612
1.1483759
1.6216288
0.92499423
1.3260732
0.9085076
1.6480359
0.8899901
0.8761672
1.011217
1.6271338
