0.4280796
0.49758053
0.6474907
0.9218207
0.67699265
0.78291583
0.82291776
0.63007206
0.5589331
0.9779197
0.7002273
0.6475586
0.6003309
0.6526447
0.81180525
0.56733173
0.64858824
0.4976714
0.45544022
0.51973146
0.8310905
0.88178146
0.8283706
0.8532712
0.7677342
0.4754432
0.5674815
0.6792617
0.70770955
0.5609811
0.52288187
0.47214407
0.7257652
0.7952308
0.6681029
0.5532483
1.1494817
1.0692946
1.5826449
1.1235886
1.0878309
0.9145078
1.0174367
1.6638397
1.4238769
1.0423394
0.8749881
0.92911386
1.4517654
1.8784887
1.2561265
1.0418712
0.90338993
0.99525315
1.6013718
1.3535601
1.3398143
1.0742623
1.3497756
1.415018
1.6827476
1.015635
0.5502147
0.83265996
0.7732991
0.57037884
1.1658837
0.64329094
0.7820655
0.72402835
0.71186954
1.1804096
0.50907135
0.6767771
0.76583606
0.56654876
1.1678729
0.76087546
1.8973181
0.7683676
0.8462853
0.55930996
0.49507913
0.8307067
0.40258974
1.008209
0.45743355
0.7081715
0.576623
0.5243467
1.1947999
1.2660336
1.6315513
1.6910824
1.0345886
0.3868828
0.7010545
0.5986991
0.67921835
1.2124902
0.3993442
0.52001125
0.57261443
0.7752001
1.1661965
1.1850407
1.5850617
1.9223439
1.0008402
1.5900247
1.5721045
1.5926139
1.0245723
1.000703
1.6990552
1.5798653
1.2169578
1.2028705
1.2617391
1.392182
1.0559129
0.6079013
0.9061279
1.0138613
0.61848384
2.0342665
0.87382954
0.84154737
1.2552156
1.3138888
1.7750307
1.1244467
0.49950588
0.880973
1.0545601
0.6056482
0.59320384
0.7343591
0.5396746
1.2069137
0.4986936
0.9261791
1.0789332
0.9453756
1.4054589
1.4571934
1.0177557
0.62714785
1.0129402
1.1614403
0.54646295
0.5093876
0.5017122
0.63432825
1.2563717
0.62579703
0.82079047
1.1118988
1.2660946
1.2093949
1.7808048
1.0654587
1.5672302
1.8959136
1.7255487
0.9992651
1.1308004
1.8085227
1.3974109
1.0348039
1.0620384
1.1926731
1.4787997
1.0623386
1.3376026
1.5762168
1.6859772
0.9953198
0.78689
0.54541004
0.99791116
1.0725135
1.2072791
1.5298144
1.0609647
1.1435674
1.7439283
1.8363868
1.0417073
1.6776507
1.8649585
1.6018444
1.0110655
1.0324639
1.1238176
1.4057268
1.0716555
