0.9100646
0.8594465
0.96690905
1.1079618
0.92548645
0.9269776
0.90096813
0.84808743
0.93925774
1.149239
0.7939655
0.8871276
0.89314026
0.8732077
0.99166757
0.9492368
0.8801304
0.8794292
0.92343783
0.86812794
1.0864557
0.95118815
0.79284936
0.95904434
0.8013583
0.82361054
0.92856526
0.93115187
1.0346843
1.029816
0.91501874
0.8618082
0.9105776
1.062213
0.8915089
0.89900297
0.732302
0.90547353
1.033143
1.5929728
0.8332028
0.8407816
0.79408365
1.0352833
0.97438186
1.6918858
1.0087624
0.94589967
1.0836143
1.209136
1.0107934
1.6911352
0.83088404
0.8720438
0.99148285
0.9548859
1.1350052
1.6778624
1.0522994
1.1036685
1.0555954
1.5833077
0.5974259
0.7433153
0.8043025
0.8051232
1.7281882
0.86611444
0.87314564
0.7698117
0.7209586
1.6927791
0.7503319
0.67362994
0.6673996
0.75501364
1.7138468
0.83883053
1.3248004
0.97829247
1.5382171
0.6589569
0.5861688
0.78751326
0.530219
1.6980767
0.6581929
0.69654715
0.6253243
0.5928058
1.6639374
0.93490946
1.0047642
1.1178008
1.6102915
0.6446174
0.7361751
0.6887467
0.7722747
1.7239566
0.6478051
0.65465635
0.71173173
0.71570545
1.7248803
1.0234995
1.162458
1.0378182
1.6140702
1.0186375
1.0067818
1.174727
1.587715
0.9098185
1.0819392
0.9355648
1.5973045
1.165873
1.2975779
1.0808883
1.5974753
0.7478135
0.6415836
1.5841899
1.1465777
1.3348706
1.1560595
1.5543213
0.9347172
1.0801998
1.1416441
1.5878563
0.76195955
0.6771092
1.637925
0.7079649
0.8026461
0.868489
0.6934449
1.770996
0.8602461
0.7118164
1.6260959
0.72789556
0.77868396
1.0427426
1.6015384
1.1271719
0.7780159
1.590195
0.72804904
0.7361141
0.5553277
0.6432167
1.7714497
0.7684039
0.59932023
1.5464526
1.1209009
1.0090598
1.1531984
1.618762
1.2262611
1.1098073
0.9254418
1.6145111
0.9743638
1.1899117
1.1269846
1.6023997
0.9300369
0.8839531
0.9438602
1.6125878
0.97067547
1.0162368
1.0337716
1.6128877
0.77639353
0.787365
1.5712438
0.84274566
0.8366879
1.0591859
1.6037674
0.9894408
1.2292724
1.1310374
1.626438
0.9127529
1.3426259
0.82539713
1.6119415
0.75217
0.7601134
1.0470378
1.6143018
