0.89802945
0.90656775
0.9842565
1.0830933
1.1180849
0.90251046
0.91492385
0.92255116
0.89227396
1.0758514
0.955291
0.9102003
0.9116091
0.87561715
0.99413395
0.9773533
0.95621616
0.91890615
0.95509607
1.0403048
1.0368222
1.0371557
0.91992337
1.0440187
0.8876792
0.9028324
1.0300707
1.0205358
0.98866117
0.9686631
0.89447975
0.89228
0.93683213
1.0297737
0.93919563
0.9796647
0.79647595
0.7797315
1.0251042
1.6399525
0.86400026
0.82640016
0.8804008
0.9445729
0.95195407
1.7098253
0.9551373
0.8863882
0.9162939
1.1268893
1.0354055
1.7374748
0.9178718
0.90552044
0.94246745
0.88756406
1.0397496
1.7064962
1.0244746
1.1859906
0.9845192
1.6349947
0.81389916
0.6936398
0.8534588
0.84088653
1.7342145
0.66569155
1.0035769
0.8298997
0.6866689
1.6722993
0.80450684
0.79095757
0.734298
0.8326364
1.7541463
0.82859325
1.1257302
0.9712337
1.6611159
0.8949328
0.64508575
0.8744436
0.6215232
1.7028452
0.8285055
0.767172
0.62521046
0.76265925
1.6961733
1.0109534
0.9830437
1.08522
1.6554545
0.79452413
0.8045474
0.7736175
0.7846085
1.7435249
0.85021573
0.8176702
0.87206596
0.6714088
1.7272644
0.95211625
0.99697286
1.0674732
1.6389482
0.9582037
0.9808893
1.0974926
1.6350954
0.8325029
1.0994914
0.8987188
1.6376287
1.0723939
1.1431135
1.1371297
1.6464636
0.72810924
0.59556454
1.5806347
1.1568153
1.2355983
1.1510631
1.6702411
0.9836695
1.1279455
1.0431323
1.6567733
0.8493277
0.79785085
1.6277622
0.9220895
0.9236525
0.92751163
0.8768521
1.7373638
0.8908927
0.7935165
1.6175952
0.70602435
0.69469464
1.0861956
1.6171569
1.0301052
0.8128066
1.6285307
0.82422954
0.7671956
0.6643512
0.67829144
1.7953889
0.8007452
0.6090866
1.5976528
1.1268667
1.063621
1.1694744
1.6483601
1.1626033
1.1246616
0.9105933
1.6557957
0.91748327
1.0487431
1.0873959
1.6441183
0.9195861
0.96208423
0.9452377
1.6449078
1.1287893
1.0455414
0.95331436
1.6456141
0.7270937
0.9629248
1.6047602
0.8296608
0.9223796
0.9555281
1.638915
1.0032208
1.2129271
1.0491108
1.659676
0.89432096
1.3272551
0.96534395
1.6815665
0.7786378
0.834153
0.95937455
1.6429778
