1.411358
1.3767196
1.7569727
1.743648
1.7154005
1.6573192
1.7059003
1.5109884
1.1323757
1.5453864
1.4508283
1.3717765
1.4418732
1.3650445
1.5108007
1.4498607
1.4451835
1.4465345
1.3918087
1.490971
1.7283443
1.7575679
1.6624594
1.6940731
1.6255287
1.5582517
1.0989292
1.5331763
1.5661064
1.3901159
1.4020905
1.3530103
1.490191
1.4723713
1.424064
1.2867005
1.7396169
1.5426568
1.7489064
1.9582938
1.4924777
1.508704
1.7205386
1.7994345
1.607814
1.8672433
1.5361273
1.5523592
1.6193175
1.8266995
1.7664812
1.8698659
1.4235156
1.530861
1.6992148
1.6360768
1.9252671
1.866576
1.7089618
1.7845441
1.838485
1.9552902
1.676483
2.0253284
2.0379052
1.75074
2.251192
1.8067539
1.882262
1.9983819
1.9730147
2.2512808
1.756702
1.9041378
1.9181396
1.987132
2.250466
1.6853467
2.0164864
1.7931741
1.9538486
1.7770534
1.4335786
1.7563405
1.4403832
2.2522287
1.6626092
2.0494502
1.7767593
1.9995575
2.2524364
1.8409187
2.0351243
1.9326664
1.9564036
1.593981
1.9791
1.7354573
1.9234867
2.2509766
1.5661231
2.0326905
1.7506589
1.9158095
2.2492626
1.7874244
2.060372
1.909404
1.9522301
1.7359712
1.8558755
2.0574486
1.958094
1.7191644
2.0738318
1.834144
1.9545696
1.8059913
1.7834507
1.8851963
1.9555986
1.5032905
1.637762
2.186461
1.860073
2.0223463
2.0335548
1.9545671
1.9254283
1.9032397
1.7995338
1.9543477
1.5119072
1.6707995
2.187609
1.7833343
1.7864202
1.9861006
1.8339683
2.2492561
1.5624709
1.6865145
2.190468
1.6502724
1.9431682
1.9735868
1.9524697
1.5311016
1.6642609
2.1879306
1.5359439
1.8451487
1.5376197
1.728192
2.2495315
1.4568118
1.6091902
2.1872163
1.8157129
2.0154164
2.0165043
1.9530995
2.0198364
2.0359483
2.020282
1.951592
1.7884668
1.940886
2.009925
1.9563528
1.642598
1.900513
1.6960499
1.9531074
1.7820207
1.9885161
1.9028162
1.9529244
1.6750374
1.6674671
2.1897495
1.6497341
1.962898
1.7317072
1.9536722
1.8064616
2.0123384
2.0280612
1.9538136
1.9666038
2.0183673
1.9893918
1.9562086
1.6213546
1.905521
1.6909509
1.9520851
