0.32338762
0.3097599
0.49063054
0.9569037
0.5115967
0.6153062
0.51430744
0.42326534
0.27494726
0.8579786
0.43274012
0.31561512
0.27034318
0.38641244
0.67247087
0.51752794
0.3490814
0.43907657
0.31654635
0.34325925
0.8550784
0.58056
0.5036265
0.5098179
0.45017022
0.34289077
0.26543194
0.55304766
0.6296859
0.41945583
0.3886978
0.45992514
0.5183609
0.6974563
0.44745725
0.3048069
0.46692035
0.45321596
0.66681147
1.2696666
0.3302799
0.31566727
0.33639273
0.48597187
0.46349847
1.5034957
0.28734127
0.4058742
0.40845394
0.5645438
0.4533956
1.5256659
0.3396317
0.35612744
0.47447604
0.4400297
0.5083756
1.4429168
0.54697865
0.719416
0.6630737
1.3109909
0.43089214
0.6270984
0.5677046
0.5250606
1.5926297
0.49070963
0.6236555
0.55170923
0.6288633
1.577436
0.4359019
0.5049281
0.63730305
0.46776655
1.5911427
0.43958998
0.8533442
0.53468114
1.4173429
0.5718826
0.21361867
0.85404223
0.26495788
1.7150495
0.4595247
0.6376637
0.53654224
0.47798738
1.552948
0.5563817
0.6495154
0.7805996
1.3541588
0.34227234
0.6520732
0.47803754
0.64289266
1.6228
0.3716668
0.5076291
0.6071613
0.62095463
1.5820602
0.5871558
0.6679486
0.7669004
1.4216081
0.57318527
0.7104472
0.7881849
1.2611687
0.47046766
0.77425975
0.6294649
1.339098
0.6554687
0.8572091
0.70689
1.339932
0.64546156
0.725635
1.5919275
0.57500947
0.96372014
0.7360248
1.3468747
0.5016106
0.7276354
0.7431902
1.3695632
0.71174586
0.7467107
1.5755783
0.50684595
0.65664834
0.7574743
0.46034798
1.6942511
0.71586984
0.7636775
1.6643792
0.3135861
0.34714702
0.72672266
1.3532826
0.75087726
0.86297095
1.8188483
0.5568256
0.452538
0.43233255
0.4922429
1.6912563
0.7365156
0.58137447
1.3797
0.6895557
0.6778385
0.8190808
1.3363371
0.6773653
0.673395
0.54160357
1.3808262
0.4730163
0.7802686
0.6645828
1.3265628
0.4629376
0.6074389
0.586517
1.337496
0.5328118
0.6739488
0.6278859
1.3109475
0.74322635
0.8431326
1.6210961
0.44067848
0.5472223
0.59782356
1.3329139
0.5345514
0.76662403
0.72205436
1.3652579
0.5490521
0.9346055
0.5614622
1.3763425
0.3812334
0.5013889
0.6203903
1.3460238
