0.6575245
0.6444507
0.871306
0.82846797
0.82498085
0.7934403
0.81816703
0.8144957
0.66270524
0.7874405
0.81540346
0.8040191
0.7231153
0.7720809
0.6586153
0.7373141
0.75423896
0.72742856
0.65135646
0.65207815
0.80947524
0.81522
0.6883808
0.74913377
0.82355815
0.7822115
0.48121285
0.86917645
0.748664
0.71035904
0.7317428
0.74178535
0.8639926
0.7041012
0.75232667
0.8169891
0.6678453
0.61294127
0.71987426
1.1221787
0.62488437
0.61140484
0.71296084
0.71722233
0.69292724
1.1378565
0.5746338
0.6626538
0.7119012
0.7492238
0.70384634
1.1203424
0.6285048
0.71065795
0.724509
0.68230367
0.77571774
1.1220577
0.60843
0.6067486
0.76523095
1.0476911
0.5420883
0.73728424
0.7110961
0.68979454
1.0432521
0.64504254
0.614106
0.76587945
0.70679015
1.0762098
0.59426874
0.70784473
0.7417152
0.706396
1.1003836
0.533702
0.7842153
0.64624554
1.0701718
0.69239634
0.69666135
0.7606904
0.6337766
1.0654354
0.6061296
0.78733814
0.6655174
0.7476506
1.0815345
0.6421405
0.76202476
0.72043025
1.078363
0.6097259
0.7503521
0.6362569
0.74482167
1.0694747
0.57099414
0.6908795
0.64972913
0.75745404
1.0829763
0.66219825
0.7593249
0.7177807
1.0581316
0.6750523
0.654271
0.7506891
1.0790893
0.5857148
0.7915789
0.7174397
1.0265398
0.69154394
0.7588037
0.6957884
1.0545663
0.6892221
0.76593924
1.060796
0.6773436
0.784427
0.7052837
1.0658704
0.6205557
0.72216606
0.8006046
1.0840518
0.61071545
0.71235627
1.0881735
0.73512375
0.7632807
0.7634847
0.70304
1.0784752
0.7418703
0.7719422
1.0153054
0.61045367
0.7525793
0.7794713
1.0811604
0.69731104
0.80958915
1.006219
0.69070494
0.6979186
0.7165865
0.6909024
1.1275073
0.6767054
0.75505537
1.0730653
0.68247366
0.7107142
0.74119496
1.0712485
0.7750159
0.72733593
0.7566129
1.0657487
0.668809
0.77031183
0.75664616
1.051089
0.5748517
0.70863724
0.6943519
1.106684
0.6184789
0.75668466
0.74637866
1.0935113
0.78375626
0.7884845
1.0351703
0.5930745
0.7201382
0.70728755
1.0908033
0.6437245
0.7698877
0.74803567
1.0425402
0.7391157
0.76907206
0.70744646
1.0898083
0.5977558
0.72007996
0.6581084
1.116172
