0.65810704
0.638714
0.90045214
0.93385035
0.92761594
0.89033794
0.8745408
0.80091596
0.63349843
0.9060797
0.9558554
0.8622064
0.8560311
0.8369175
0.80973756
0.8013544
0.80439246
0.7703964
0.69547904
0.6523251
0.9209535
0.9472252
0.80033845
0.82420194
0.84742707
0.8345372
0.57782924
0.8904487
0.9031708
0.83133554
0.863742
0.8088126
0.98190063
0.8090334
0.8400184
0.9133796
0.6482309
0.6072929
0.71513706
1.1876845
0.62744904
0.5692663
0.6874445
0.7294526
0.66930217
1.2124363
0.5815746
0.60995585
0.71566856
0.76070476
0.64954084
1.2002636
0.566466
0.6462622
0.6999723
0.6743973
0.7497196
1.223182
0.62739164
0.614829
0.7836113
1.1161178
0.5939568
0.7989465
0.7303413
0.6268533
1.1177677
0.6109787
0.57452524
0.79063827
0.69546825
1.1735855
0.531172
0.6559771
0.72410375
0.69579464
1.1637878
0.57444376
0.81419665
0.6598018
1.1168196
0.62270486
0.5696345
0.76297295
0.62160677
1.1567913
0.5894195
0.76341295
0.63247067
0.7029334
1.1376411
0.6099931
0.7989456
0.6497031
1.1403335
0.5393308
0.75707287
0.62931186
0.7335799
1.1342837
0.5525225
0.6950472
0.66863245
0.7545266
1.1628511
0.59485877
0.80320716
0.7158593
1.1303642
0.6310912
0.6181942
0.7951421
1.1288115
0.56516826
0.85382426
0.6769917
1.0970889
0.59214646
0.7647336
0.6322345
1.1306912
0.63820887
0.80029196
1.0747018
0.59255064
0.82650524
0.6832756
1.1084787
0.57329
0.7208931
0.75454575
1.1259235
0.67449665
0.7382365
1.1062504
0.70681226
0.68434817
0.71342033
0.7163781
1.1199303
0.6513063
0.84451103
1.0757644
0.6012806
0.78863686
0.7219026
1.1330138
0.68860894
0.8679365
1.062923
0.68894553
0.63203436
0.6806976
0.7092467
1.1788456
0.6425712
0.7880359
1.103814
0.600029
0.69775003
0.75255656
1.1179849
0.7221704
0.71916723
0.7385842
1.1128252
0.6037596
0.7670963
0.73114765
1.0983167
0.5805655
0.70096934
0.6680391
1.1823016
0.56935275
0.75505483
0.72924685
1.1274061
0.7791245
0.7532976
1.0882816
0.6065686
0.71763057
0.6958111
1.1726263
0.5959136
0.72514117
0.7666679
1.1069359
0.7245512
0.7254022
0.70248586
1.123369
0.60823804
0.70818436
0.68098044
1.1852218
