0.63662696
0.5624086
0.8127858
0.7678419
0.75115657
0.7055586
0.76593256
0.76278406
0.590679
0.7008154
0.7803527
0.75881815
0.68684155
0.7504519
0.58506495
0.64553624
0.670205
0.6102448
0.6611297
0.65981513
0.71870434
0.77854717
0.6267634
0.6969632
0.7237123
0.78437483
0.5114809
0.72239274
0.69344074
0.6253011
0.6339722
0.6962119
0.74243695
0.6307584
0.6640016
0.75360024
0.6455088
0.6374496
0.69625056
1.1086882
0.6680228
0.572896
0.7013549
0.7197558
0.67993796
1.0847726
0.58251786
0.59159046
0.6612995
0.7139846
0.5818855
1.0540426
0.5509701
0.67628896
0.7023195
0.6686105
0.7157799
1.0852758
0.62360305
0.6373438
0.76997334
1.0257397
0.58615744
0.7352765
0.76040804
0.68133557
0.98065007
0.63068414
0.58536106
0.7595985
0.7108466
1.0372962
0.5999627
0.6509501
0.7171873
0.71289927
1.0258887
0.5646141
0.74766636
0.67925286
1.0128565
0.6376427
0.6121463
0.721741
0.60920775
1.0189207
0.6463902
0.72109205
0.6366334
0.67891884
1.034391
0.6313271
0.72693837
0.70078874
1.0457801
0.57977504
0.7248996
0.68882537
0.6979057
1.0120819
0.5528385
0.67292506
0.69486076
0.7253946
1.0567929
0.6505875
0.7431727
0.6885828
1.0178465
0.6388023
0.6150149
0.74610096
1.0206708
0.61008537
0.7609492
0.678076
1.0066043
0.67478985
0.71404916
0.63549787
1.0163662
0.60292214
0.73987114
1.0235738
0.66050255
0.7654859
0.6709357
1.0064558
0.59612304
0.67734396
0.73480386
1.0256507
0.61732095
0.71337295
1.0496991
0.6753415
0.7048211
0.70151985
0.7204773
1.0091852
0.67333895
0.77598906
0.9812209
0.6046933
0.72893596
0.6786845
1.0346808
0.6574836
0.77091926
0.9742593
0.6494512
0.64030576
0.64598584
0.71892
1.0330727
0.6401284
0.75392234
1.0529548
0.63648945
0.66777956
0.7532517
1.0389072
0.71458787
0.73162
0.7102747
1.0088345
0.61753577
0.75020766
0.7325992
1.0130719
0.5885131
0.7017674
0.697128
1.0919546
0.6230316
0.71394795
0.7354747
1.0371358
0.760281
0.7248107
0.9914699
0.60028017
0.7036523
0.7117373
1.0916615
0.6337525
0.69617313
0.7637039
1.0272994
0.7146871
0.71279895
0.69552624
1.0066574
0.58742905
0.6737511
0.6890083
1.0973288
