0.66235757
0.6624269
0.9269008
0.9398568
0.90880424
0.88785
0.89588535
0.821919
0.66349584
0.9121831
0.9505726
0.8740442
0.88357574
0.87126195
0.7956588
0.8519099
0.79451966
0.75205654
0.67318326
0.6564017
0.8982991
0.92937595
0.7786075
0.8370961
0.82004625
0.82486546
0.5533603
0.89041716
0.9151996
0.80362153
0.8258778
0.79899514
0.96247
0.8273282
0.85092837
0.8648902
0.6625753
0.6085462
0.7048146
1.1874423
0.61910254
0.6141638
0.6829161
0.7500567
0.6317263
1.2243998
0.5959016
0.6317329
0.6985938
0.77161086
0.6305718
1.1988192
0.576864
0.6771142
0.74242425
0.68715477
0.76167625
1.2006097
0.6456933
0.59498477
0.7953301
1.1032237
0.5693049
0.79689556
0.75410473
0.6254469
1.1030233
0.6195121
0.57075584
0.7941257
0.6858403
1.157824
0.52908826
0.7021232
0.7597081
0.7212281
1.1572372
0.54623646
0.83783025
0.6682138
1.0929296
0.6113205
0.5756236
0.7980025
0.6328147
1.1228962
0.5735757
0.7703238
0.66340286
0.71366423
1.1577725
0.57913226
0.80301285
0.69501877
1.1348023
0.57481575
0.7759291
0.64350957
0.76288253
1.1331998
0.5586874
0.7295905
0.6380437
0.7750254
1.1410692
0.5751922
0.7850126
0.7314021
1.1134288
0.6554025
0.5998544
0.8029407
1.1341964
0.61742806
0.8247123
0.65234125
1.0939198
0.6402131
0.7781428
0.6316488
1.1083919
0.65053195
0.8295237
1.0786719
0.60926145
0.8512084
0.6809983
1.0929279
0.5818592
0.71027035
0.7600747
1.1448861
0.6433258
0.751815
1.1101524
0.7165354
0.66219574
0.7448422
0.7129104
1.117407
0.6795957
0.875065
1.0674725
0.6026862
0.77295005
0.73535174
1.1392063
0.63636017
0.86490965
1.043759
0.68385506
0.6661014
0.661853
0.7445336
1.194043
0.6157788
0.80086863
1.0873358
0.59003943
0.66573
0.78875
1.123735
0.7446327
0.7297481
0.7297649
1.1265223
0.6078942
0.7871974
0.7546145
1.1045927
0.61398566
0.73883146
0.68784344
1.1647904
0.60119575
0.7860378
0.7288286
1.1365309
0.77723765
0.763511
1.0766507
0.59511864
0.71934885
0.7344879
1.1718729
0.6313436
0.7260286
0.753144
1.1045394
0.74072963
0.7635926
0.71994615
1.1305958
0.61108726
0.7753612
0.67687124
1.162483
