0.29172158
0.24622312
0.5190623
0.79464024
0.5027963
0.662415
0.68827647
0.4979019
0.26183978
0.7289973
0.5264555
0.3670503
0.2825774
0.45652536
0.6249828
0.38444075
0.4169302
0.28669795
0.27643645
0.30648383
0.6770122
0.72208
0.7035893
0.6802094
0.6218047
0.2535651
0.29914895
0.42690063
0.5352181
0.31385386
0.30815554
0.23453094
0.5614859
0.5641472
0.4763743
0.34749416
0.88185036
0.8019127
1.354869
0.9758785
0.77603436
0.63696885
0.74324876
1.3032827
1.0534661
0.91321355
0.5534739
0.52600557
1.0072244
1.5502839
0.8050716
0.91273826
0.5752758
0.67613256
1.1983778
0.973629
0.9249476
0.92767954
1.4285368
1.3920798
1.4327824
0.94328874
0.34388918
0.75161016
0.67643535
0.49573368
1.0465032
0.55066764
0.6602697
0.61695224
0.7114856
1.1151463
0.41651493
0.66611826
0.69944537
0.43833745
1.0427598
0.023660136
1.7677721
-0.13509962
0.8207339
0.32960185
0.36716318
0.7479287
0.34198087
0.95099604
0.3370968
0.6017004
0.5458989
0.49410206
1.1073164
1.0191526
1.4088237
1.7666178
0.9520198
0.27182713
0.63953686
0.49492303
0.60543835
1.0613228
0.293136
0.41235802
0.5226609
0.66126657
1.0688483
0.97070295
1.2453663
1.847493
0.9413851
1.5710374
1.4769584
1.3674151
0.9683851
0.69641495
1.4236261
1.2247603
1.1544634
0.6761948
0.91811866
0.7471328
1.0028373
0.5151993
0.7480972
0.9357661
-0.0665711
1.9971372
-0.021801295
0.8242002
0.81175345
0.8532394
1.5770435
1.0018576
0.43741068
0.7167486
0.96691823
0.52970517
0.5121458
0.652623
0.4415891
1.0651227
0.44878227
0.717224
1.0499669
0.79128796
1.1433654
1.271383
0.9456796
0.61641836
0.7996914
1.1316174
0.4316335
0.41082114
0.39204082
0.5929026
1.1082621
0.5638434
0.6967352
1.0125438
1.0738034
1.0875552
1.5164219
0.95077944
1.400685
1.8412073
1.5073719
0.91149515
1.0911609
1.5503438
1.3781068
0.9298817
0.73995286
0.9189166
1.212506
0.9414531
1.0581009
1.2750173
1.5282396
0.9131782
0.72833824
0.44183728
0.8576381
0.72766495
0.9260856
1.2485932
0.93830544
1.014667
1.9254552
1.5706098
0.9248848
1.6581479
1.6061438
1.4469546
0.9286701
0.65987086
0.85857475
1.1351815
0.9494371
