0.34174442
0.23356695
0.49291775
0.8397173
0.49990493
0.54861265
0.42465317
0.41254446
0.32011503
0.7879901
0.36685073
0.28920284
0.29329556
0.36034685
0.5220887
0.43763492
0.3776212
0.42374772
0.405936
0.33973944
0.7779367
0.6052138
0.50059325
0.5782117
0.44212693
0.322491
0.33862913
0.5751928
0.6367345
0.48339865
0.42135954
0.42562118
0.4839254
0.63247895
0.4369107
0.2962381
0.41474205
0.43064642
0.6618872
1.1012243
0.26959988
0.24787708
0.30622953
0.4697082
0.4717851
1.242513
0.29370722
0.36931336
0.46882305
0.55264807
0.44613934
1.3499641
0.3017872
0.33912358
0.4119495
0.4458851
0.4583425
1.2913328
0.5473553
0.6700516
0.70064235
1.1499093
0.29275462
0.5248196
0.5765794
0.52912813
1.4875975
0.45353496
0.71768755
0.5342654
0.5873117
1.365985
0.39881265
0.5030016
0.5659699
0.490087
1.5128545
0.40331876
0.74305373
0.5345705
1.3131385
0.5619298
0.16623665
0.79575413
0.2489089
1.5942475
0.44410726
0.54227275
0.4612976
0.33566394
1.2913946
0.5616917
0.6035468
0.7558939
1.1966894
0.3689295
0.5998991
0.46339726
0.5378359
1.499968
0.35290566
0.41117337
0.6058685
0.5104876
1.4121698
0.56632537
0.6573726
0.7268831
1.2310102
0.5679236
0.6501471
0.7983808
1.179334
0.4273191
0.6598474
0.60115343
1.1497748
0.6595743
0.8334488
0.7497973
1.2314445
0.6520583
0.6015249
1.309409
0.65950966
0.9411372
0.7210373
1.2584536
0.47347298
0.64304817
0.68323344
1.2189199
0.708987
0.74998695
1.382702
0.51025075
0.5886027
0.7338228
0.3784262
1.4712667
0.7877368
0.75101817
1.429813
0.3141112
0.37417093
0.7313015
1.1590452
0.79936546
0.7708617
1.5991035
0.5213636
0.41596538
0.36533132
0.48121676
1.502633
0.7529074
0.56475455
1.1818882
0.6599938
0.664081
0.8413863
1.1758292
0.6197338
0.71990436
0.5548422
1.2374375
0.5103707
0.7378158
0.71844304
1.1728908
0.5139616
0.5066715
0.5374886
1.099226
0.5228692
0.67948
0.55204445
1.1846915
0.7528305
0.787456
1.388124
0.42399386
0.4688009
0.5999388
1.1316118
0.44388068
0.7289651
0.75078154
1.2609591
0.5119517
0.875354
0.4642152
1.3026239
0.43885362
0.39179257
0.5535296
1.1393192
