0.279414
0.24440874
0.4291831
0.91544926
0.44765884
0.5669483
0.48336378
0.41045058
0.2503156
0.8426979
0.46263632
0.32113478
0.29701522
0.39643702
0.49059403
0.4503071
0.30494317
0.38447982
0.34080154
0.29619566
0.8854644
0.6489532
0.4625738
0.5444956
0.44765216
0.31807423
0.23484024
0.45443314
0.6483126
0.48586106
0.4612188
0.38067412
0.5454635
0.71867526
0.44812003
0.3672561
0.39386603
0.45719212
0.6857885
1.363704
0.39034766
0.2744768
0.3579909
0.51043546
0.4676968
1.4737161
0.32403815
0.397021
0.48360416
0.5670464
0.47603363
1.5039731
0.34308243
0.39913565
0.52609646
0.4351934
0.49706164
1.48778
0.52743065
0.5532416
0.676036
1.3424234
0.34412646
0.56290007
0.52884537
0.52719647
1.6341347
0.57275087
0.5748418
0.56582516
0.61481196
1.6340399
0.3837583
0.50861573
0.57744604
0.44669336
1.6191725
0.37324876
0.90463364
0.58301127
1.3948059
0.40343025
0.34353313
0.8502831
0.26967838
1.6450548
0.44104493
0.5569291
0.4986046
0.38524762
1.5898904
0.48180297
0.6145569
0.70744914
1.3739018
0.33823368
0.604939
0.49451986
0.55960196
1.659188
0.39954227
0.46191704
0.5870019
0.6243044
1.6423675
0.5116867
0.6486472
0.6474117
1.4175417
0.67911834
0.61871797
0.8362611
1.2990541
0.5015468
0.73283416
0.58583385
1.4405673
0.6047872
0.92421854
0.6237777
1.3232048
0.6016471
0.642418
1.7024826
0.6421779
1.0053598
0.7747069
1.3742312
0.53849447
0.5999214
0.7888694
1.3246778
0.54170704
0.66628313
1.619735
0.44893676
0.58454776
0.688897
0.42593712
1.6034275
0.69143534
0.6473041
1.6947128
0.43304485
0.45621264
0.7034338
1.2614937
0.7553141
0.8261893
1.8798835
0.45546427
0.48474798
0.36385173
0.50895244
1.6314936
0.7057404
0.5534562
1.4782922
0.6181286
0.63143075
0.7720835
1.3277062
0.6757966
0.66329443
0.54551536
1.3766588
0.5895479
0.86729705
0.61230063
1.3519187
0.49966586
0.528109
0.6184931
1.3348465
0.480077
0.64240056
0.6363161
1.3673784
0.70683116
0.6610326
1.6632338
0.4207799
0.49303365
0.68927556
1.2943672
0.45593777
0.7273316
0.74932253
1.41473
0.60874337
0.9813892
0.54053986
1.3045045
0.43213174
0.47816795
0.637415
1.3784354
