0.6957694
0.60244495
0.88133395
0.8772477
0.8239036
0.81696105
0.817681
0.8012722
0.7023484
0.8529487
0.85678893
0.88490397
0.7873332
0.87227523
0.6946444
0.7810996
0.7897088
0.75854474
0.6538495
0.7098373
0.8939551
0.83381283
0.7087607
0.8146431
0.81266654
0.7973928
0.54977435
0.8848328
0.79031247
0.7566351
0.75320125
0.7925748
0.8864339
0.8065805
0.822847
0.8243995
0.654931
0.67387736
0.762846
1.1120219
0.66382986
0.6347957
0.7983268
0.7890426
0.7100542
1.1222805
0.6537403
0.7142327
0.74243057
0.80324185
0.7250409
1.1072973
0.568843
0.71511453
0.7465235
0.7042767
0.81807667
1.1085579
0.63283664
0.5622075
0.7921418
1.0622562
0.58186406
0.78837734
0.7736087
0.7265813
1.033082
0.7023898
0.66336524
0.7816718
0.7138768
1.0662025
0.7148654
0.7270234
0.77998203
0.76795906
1.061457
0.6416886
0.81838053
0.72302645
1.0360475
0.6655767
0.64174277
0.7753297
0.6932
1.0483974
0.6445128
0.8003394
0.66524214
0.7469581
1.0445398
0.67282474
0.8036936
0.7397084
1.076509
0.66714907
0.8025603
0.72459835
0.76592106
1.0587288
0.6093669
0.76960534
0.7253529
0.8122282
1.0659611
0.67093486
0.81139475
0.7772753
1.0311117
0.6963168
0.6527613
0.78626955
1.0494009
0.6002628
0.8340093
0.71280795
1.0385025
0.65944296
0.7849526
0.6885491
1.0416305
0.6121399
0.7828155
1.0573395
0.6869759
0.8375552
0.7598852
1.0455698
0.6249597
0.7775128
0.7733411
1.0730666
0.6984056
0.74781287
1.0838425
0.78142315
0.7816453
0.77684003
0.7595814
1.0570972
0.6896939
0.79749566
1.0158753
0.5918415
0.80841917
0.7296248
1.0894525
0.71357095
0.845577
1.0117587
0.7132586
0.7060042
0.72897995
0.76889133
1.0921068
0.67335826
0.7741504
1.0331593
0.6858193
0.7456416
0.81153315
1.0731531
0.737572
0.7595141
0.79077107
1.0658658
0.6063551
0.8130436
0.80170435
1.0477976
0.62737495
0.7841045
0.75551844
1.1105185
0.6469373
0.7900479
0.74974227
1.0898015
0.7686949
0.7952875
1.0400277
0.63326335
0.7573424
0.7549887
1.1075454
0.71396077
0.7821815
0.7868012
1.0372849
0.7494924
0.7705068
0.7005536
1.072549
0.6585463
0.7400249
0.7280172
1.0988122
