0.6773665
0.59079385
0.7984113
0.81292397
0.79947555
0.77472186
0.7695696
0.79676515
0.6408315
0.7304278
0.7805696
0.8337997
0.7190611
0.7641951
0.6483973
0.7130023
0.767022
0.753833
0.61236763
0.65216374
0.82545525
0.79138225
0.6543858
0.7212592
0.7884095
0.7549581
0.52482194
0.8290558
0.74613965
0.706863
0.75091225
0.7301601
0.79824436
0.6883006
0.735962
0.77944756
0.6293423
0.6519321
0.7072549
1.1077157
0.66114855
0.61958337
0.7289029
0.7541297
0.6894575
1.0766684
0.59526086
0.6455046
0.6917737
0.75460315
0.72065836
1.0624465
0.57414633
0.6345012
0.7537461
0.6996283
0.7528057
1.0881622
0.64503103
0.5893418
0.78779185
1.0448104
0.6529592
0.78870815
0.77227235
0.71213263
1.0039202
0.6136611
0.57503885
0.7575371
0.6786018
1.0541401
0.60598624
0.68587923
0.7234394
0.7326773
1.0470296
0.5989822
0.78282666
0.71990454
0.99627197
0.65824723
0.57016236
0.7527354
0.6851334
1.0364982
0.6433551
0.78683263
0.7306568
0.71396285
1.0671831
0.65386885
0.7768857
0.7223418
1.0529754
0.61524373
0.7473952
0.7128247
0.7861688
1.0290194
0.5935541
0.72188073
0.7032352
0.7632565
1.078831
0.7038006
0.77154213
0.75956964
1.0193245
0.69161624
0.6266897
0.79135615
1.0288664
0.6696981
0.82188904
0.7148378
1.01548
0.69485104
0.7377293
0.7195467
1.026167
0.61674803
0.7972068
1.0170267
0.6174762
0.7856198
0.7272613
0.99089676
0.64535373
0.7468751
0.7349062
1.0177912
0.671423
0.72481954
1.0443861
0.77721876
0.714892
0.7872741
0.739307
1.0412762
0.70228386
0.8080401
0.99495804
0.66520196
0.784969
0.70756984
1.0299239
0.6929073
0.82853985
0.9870915
0.66013426
0.6663918
0.66674083
0.7526456
1.0481715
0.63162947
0.78063977
1.0316076
0.70440817
0.7099706
0.7524404
1.044626
0.7822715
0.75417244
0.7542926
1.0076638
0.6137592
0.7746097
0.76427305
1.034463
0.57941854
0.7265877
0.7401324
1.0807201
0.67787075
0.74057657
0.7585316
1.0328951
0.75717306
0.7568902
0.9995336
0.6040392
0.7134465
0.69830406
1.07826
0.62900823
0.75638133
0.7954253
1.0216682
0.7445122
0.80029535
0.7338731
1.0112673
0.60616755
0.7520581
0.70253116
1.0783373
