0.6578892
0.58775175
0.81464267
0.76203084
0.7438373
0.75638735
0.7933998
0.7297617
0.64006686
0.7056356
0.7456329
0.7378973
0.6423836
0.6687824
0.60086703
0.60278744
0.7359845
0.64966196
0.6046855
0.6160783
0.75342226
0.76847476
0.63236105
0.6815796
0.7635109
0.76960677
0.5066167
0.6968747
0.6740971
0.6790592
0.6400451
0.6509231
0.7594586
0.63725865
0.6767651
0.7163763
0.6600179
0.6726999
0.732279
1.1010059
0.59496516
0.60561365
0.699097
0.6957312
0.64132357
1.0978935
0.6289035
0.59957445
0.7302123
0.71008307
0.66812956
1.0718757
0.6337276
0.66426164
0.6870481
0.7141026
0.74269444
1.0816575
0.6269027
0.599306
0.71641356
1.0414033
0.6130714
0.72291255
0.71326286
0.6575166
1.0214555
0.6253221
0.5730755
0.71828645
0.6711154
1.0441219
0.56182444
0.67957497
0.69903845
0.7137004
1.0109969
0.613883
0.7604003
0.65476125
1.0320542
0.6453298
0.6092768
0.6910722
0.5968936
1.0388478
0.5944455
0.7175324
0.64451206
0.6978278
1.0367681
0.70416343
0.761733
0.72217846
1.0408949
0.63031334
0.7278907
0.68993074
0.6883259
1.0476388
0.5507258
0.72245175
0.67609626
0.77783555
1.0592922
0.62624085
0.7527318
0.71479577
1.0044924
0.6619934
0.6338123
0.7319249
1.0563473
0.65833515
0.75840276
0.7006093
1.0208166
0.6520016
0.72483784
0.6285382
1.0148761
0.65749073
0.77306163
1.0258381
0.6365382
0.7518692
0.7090509
1.0320059
0.6105306
0.7100037
0.7101034
1.0234277
0.67113936
0.7306645
1.0949078
0.70950264
0.6658661
0.73288745
0.7250392
1.0191984
0.7174235
0.7501922
0.99576813
0.6150922
0.73809916
0.723251
1.0640941
0.6719015
0.77436286
1.00002
0.64852875
0.64763844
0.639391
0.6906573
1.05206
0.65684533
0.72184604
1.0375161
0.6582165
0.69201094
0.74821836
1.0376648
0.713047
0.70535564
0.73193735
1.008209
0.63451475
0.7233869
0.70190275
1.0184468
0.6021609
0.6866818
0.6759839
1.1283156
0.5964061
0.70231026
0.6881056
1.042762
0.76017153
0.7266159
0.9958005
0.60119426
0.72010744
0.71412414
1.1157178
0.6343392
0.7203429
0.69716597
1.0353773
0.7416422
0.73932505
0.6936207
1.0220913
0.6518104
0.72852176
0.6957396
1.1232958
