0.6759572
0.6305642
0.92897457
0.9443218
0.9337185
0.9165658
0.88778406
0.80530536
0.6806346
0.9341679
0.96384823
0.8612725
0.9085553
0.8334863
0.82312024
0.85619557
0.79435116
0.8232105
0.6794229
0.6705321
0.9287714
0.95868826
0.83513427
0.82818234
0.82384616
0.86481386
0.6006115
0.8916208
0.95757246
0.82444894
0.8442633
0.8422547
0.9798254
0.8577211
0.86657137
0.9148735
0.68714106
0.61172295
0.71265304
1.2105049
0.6445527
0.60355896
0.7191233
0.77169025
0.6739539
1.2312582
0.53295577
0.65498394
0.70923287
0.768716
0.6588143
1.2219347
0.5780059
0.6972544
0.71880513
0.6947514
0.77387935
1.2270021
0.6294426
0.6393817
0.8200731
1.1042995
0.527937
0.8305003
0.7370212
0.628459
1.1351421
0.5930678
0.57977104
0.77494
0.6868929
1.1694252
0.55805695
0.6991629
0.7609185
0.72254145
1.1730455
0.5742088
0.8768552
0.6612398
1.141873
0.59894615
0.59613717
0.7880083
0.6293727
1.1507941
0.58961195
0.79866594
0.66410893
0.72023964
1.1626167
0.64374036
0.80005753
0.68036276
1.1425536
0.53604144
0.78884494
0.6584743
0.7685783
1.1443244
0.54855734
0.7199296
0.6677946
0.8089487
1.1450268
0.59918034
0.8169425
0.7605125
1.1225446
0.66992676
0.6082692
0.83489335
1.1372477
0.58582675
0.8661941
0.67462045
1.1149075
0.60915226
0.79695165
0.6620944
1.121129
0.66101325
0.8253017
1.0893743
0.6260872
0.8376465
0.71980363
1.1133778
0.5938162
0.7293752
0.77433026
1.1556742
0.68100137
0.77962714
1.1181825
0.73189294
0.69489694
0.75323313
0.7215026
1.1327055
0.68122554
0.856429
1.0807751
0.5960476
0.79030436
0.719022
1.1354638
0.67213196
0.87291354
1.0737579
0.6862682
0.6711834
0.6791337
0.75246936
1.2043926
0.6633737
0.84007597
1.0954354
0.6450664
0.7151724
0.7826742
1.1287763
0.76486945
0.7165256
0.765862
1.139048
0.61336845
0.7827298
0.757793
1.100963
0.65089005
0.7366357
0.70953095
1.1928422
0.58816
0.78376997
0.7377211
1.1230683
0.7999148
0.77672523
1.1007168
0.6256044
0.7531216
0.6953773
1.1920196
0.6276937
0.7230604
0.80686647
1.1252174
0.7590663
0.76770014
0.7514445
1.1268742
0.6358279
0.74906164
0.705897
1.2065544
