0.6344265
0.5988186
0.7896485
0.7855914
0.7789354
0.7330657
0.7257202
0.7562823
0.6201716
0.72137773
0.7410774
0.71651113
0.6673634
0.70509887
0.59740615
0.6666093
0.7407678
0.65394944
0.6757121
0.5662974
0.75347584
0.7681453
0.6219669
0.6721621
0.7835466
0.74141484
0.4787389
0.7456402
0.73192686
0.6284041
0.6249704
0.69391054
0.7444484
0.63736784
0.6962867
0.7536472
0.6183258
0.56762433
0.6714391
1.0919523
0.60273486
0.58874077
0.66058344
0.6630239
0.64174885
1.1013286
0.5693903
0.56225693
0.6825241
0.6892255
0.5986095
1.0702379
0.609506
0.6412117
0.682532
0.6527327
0.70730466
1.0781548
0.60944253
0.6298313
0.7321478
1.0323155
0.5572164
0.6918848
0.65417516
0.6552331
1.0148472
0.63268834
0.5383773
0.731354
0.6452728
1.0484378
0.5956976
0.6831571
0.70563596
0.68744767
1.0149432
0.6040317
0.72549164
0.66037905
1.014729
0.6059687
0.63010955
0.74507505
0.5742345
1.0287161
0.6273975
0.72178847
0.6471581
0.6989731
1.0235255
0.64955443
0.74258566
0.67664623
1.0432659
0.56341183
0.7109769
0.66692513
0.71079636
1.0078382
0.5418241
0.7016226
0.62176144
0.72034276
1.0657351
0.6614019
0.73282
0.6730784
1.0307004
0.6463547
0.61158264
0.73075044
1.0330615
0.5726111
0.7410694
0.66735405
1.0055964
0.65081936
0.72703165
0.6266219
1.0039061
0.67061114
0.754341
1.0269872
0.6053622
0.7337506
0.71642303
1.0229423
0.64410585
0.7055893
0.7410129
1.0259058
0.6078679
0.7422276
1.0467867
0.6794106
0.6820893
0.66985005
0.68893874
1.0244862
0.678722
0.7681984
0.999137
0.6106718
0.7338304
0.6782171
1.0495739
0.6900632
0.7672776
0.98145753
0.66817313
0.6346175
0.6454125
0.6655173
1.0437622
0.62174565
0.7213432
1.0179312
0.62690234
0.62247247
0.7602716
1.0593199
0.75492156
0.7159748
0.71210873
1.0096779
0.6104457
0.72459
0.7334562
1.0158634
0.6108628
0.69054925
0.6534427
1.1054184
0.6031002
0.7247368
0.71694267
1.0255091
0.73108476
0.72999924
0.98882926
0.5983054
0.6994616
0.6948738
1.081724
0.6245907
0.71988803
0.70650905
1.0157932
0.7270238
0.7234375
0.7258788
1.0182334
0.58221906
0.6853199
0.6807545
1.0819305
