0.62909275
0.57882833
0.7878547
0.72510976
0.72396696
0.7259907
0.72148615
0.76887125
0.5670639
0.6686007
0.73912716
0.72997946
0.61224824
0.72497815
0.536672
0.5516876
0.6848714
0.6241273
0.6358594
0.6441027
0.7117681
0.7362436
0.57639223
0.66451573
0.7598418
0.65549505
0.4780158
0.6829101
0.7061348
0.56481856
0.6062843
0.6712652
0.7219559
0.60546273
0.6594013
0.69839233
0.60568166
0.60092556
0.68533033
1.0877557
0.62126875
0.6177382
0.6951619
0.7183486
0.6443287
1.0798081
0.56791216
0.58380705
0.67308795
0.71932566
0.63738674
1.0357437
0.5759563
0.665198
0.70098776
0.6481984
0.7415314
1.063364
0.64558023
0.5673908
0.69581914
1.0357289
0.56227475
0.7313469
0.7202117
0.60905296
0.9755233
0.60396993
0.60120326
0.74197775
0.6571028
1.0404166
0.577813
0.6643542
0.71596414
0.68169874
1.0200275
0.60418177
0.753865
0.67471445
1.0083274
0.61645705
0.6563529
0.67160577
0.5988835
0.99976903
0.60286033
0.71440065
0.6349731
0.7058112
1.0125797
0.6265349
0.7107076
0.67526555
1.0566235
0.5619324
0.70055556
0.66991436
0.71247303
1.0173306
0.555501
0.65692806
0.66316855
0.70748705
1.0366042
0.58192414
0.69796234
0.7272957
1.0046384
0.5817456
0.5854686
0.7187065
1.0510772
0.6224218
0.7390953
0.63180643
1.0012199
0.6951235
0.71033186
0.6104418
0.97512084
0.6162806
0.72120017
1.0366658
0.62583965
0.7369333
0.6716213
0.99293345
0.5965134
0.6895573
0.6832379
1.0076563
0.64420795
0.6940981
1.0279977
0.6575637
0.69602835
0.67677706
0.69932926
1.0158966
0.6446248
0.75416726
0.9737443
0.6697507
0.73284286
0.7099542
1.0198361
0.69087154
0.71809995
0.9658929
0.67801386
0.64037055
0.62726396
0.61809665
1.0268618
0.6741989
0.7016795
1.0313948
0.61503327
0.6510621
0.7372022
1.0238515
0.69974154
0.7328634
0.7124187
1.0299863
0.62873095
0.7246779
0.7175814
0.9864134
0.6105654
0.67288357
0.6850977
1.0681437
0.6096274
0.7231545
0.68004274
1.033002
0.7525831
0.70625454
1.0007932
0.5884833
0.6853104
0.70003736
1.0739173
0.619844
0.70662916
0.73082453
1.0202771
0.7503461
0.7423921
0.69817984
1.0125854
0.61264116
0.6818398
0.66955435
1.0726542
