0.64759874
0.59223974
0.8043457
0.79665256
0.787336
0.7423621
0.7878178
0.78503466
0.60376483
0.7937857
0.77364224
0.7971758
0.7215864
0.7901758
0.6185901
0.68763316
0.69782543
0.6925124
0.6447624
0.65214694
0.8107465
0.7817717
0.64580756
0.7472736
0.76935303
0.7338781
0.5414938
0.80113375
0.75101286
0.6430426
0.6855807
0.7003593
0.79531765
0.66592944
0.6952568
0.81392014
0.63458043
0.6086246
0.70519954
1.1207215
0.64359856
0.60565984
0.6691096
0.7121812
0.6666916
1.1149671
0.6244213
0.6475911
0.6589869
0.70677173
0.63854736
1.0753206
0.6000985
0.679999
0.70764786
0.69876605
0.7254684
1.0865262
0.6280374
0.61481285
0.74870735
1.0386091
0.5917474
0.7509483
0.7329487
0.65241075
1.0139554
0.64650905
0.61891073
0.73639554
0.70007825
1.0667685
0.5857964
0.6685745
0.73933226
0.7154942
1.0457909
0.60719824
0.78780246
0.66591454
1.0568084
0.62244946
0.55328506
0.7418773
0.6428522
1.05168
0.65696126
0.7313422
0.669229
0.745
1.0619183
0.63889617
0.7404395
0.6895028
1.0602192
0.5644346
0.6906194
0.62174934
0.697955
1.0369356
0.6370568
0.70323324
0.6863252
0.7159924
1.0729349
0.62960863
0.76710737
0.72183794
1.0403253
0.63329023
0.59494144
0.7519658
1.0455022
0.62425476
0.7776416
0.67983055
1.0396168
0.6460829
0.7044251
0.61535853
1.0318683
0.65216166
0.7217991
1.0275873
0.6387044
0.77371484
0.7204395
1.0351346
0.5776315
0.65991896
0.70664585
1.0430015
0.6722102
0.73214847
1.0510976
0.6800173
0.66844857
0.7058644
0.68221706
1.0308408
0.71719664
0.75860536
1.0109127
0.6163064
0.71465445
0.7134319
1.0479681
0.6911183
0.7777058
1.0048876
0.67336464
0.6624872
0.64968795
0.6939791
1.0593816
0.6536136
0.7263597
1.0369096
0.6939252
0.68493205
0.76874036
1.0445886
0.7265535
0.72531885
0.7345524
1.0281546
0.6331211
0.71797705
0.72084975
1.0269883
0.6092421
0.69461507
0.6585211
1.0984381
0.61332595
0.7326704
0.7410168
1.0615778
0.74046737
0.7844839
0.9953782
0.63898116
0.7038723
0.69054824
1.0970032
0.62397575
0.7561306
0.74434626
1.0397469
0.7304459
0.7267546
0.6749725
1.0172833
0.6182811
0.71149075
0.6894713
1.0911087
