0.6402863
0.5872286
0.8640858
0.78275853
0.77397
0.7963032
0.8150506
0.80005085
0.5346567
0.7524739
0.7892754
0.762674
0.7204072
0.7832972
0.63365084
0.7098518
0.77207696
0.748938
0.66621053
0.6082553
0.8111594
0.7913186
0.6763465
0.7361323
0.80970114
0.7343623
0.4555657
0.76694244
0.72652346
0.65712976
0.6666106
0.7172088
0.81065273
0.6760632
0.7316672
0.7777736
0.6172608
0.582236
0.69943154
1.1068437
0.6114632
0.6141473
0.6719574
0.7209406
0.6462629
1.0963118
0.58455426
0.61464757
0.6901049
0.72491014
0.66322076
1.087107
0.5746201
0.6823368
0.7043103
0.682399
0.73056763
1.0942688
0.66605693
0.60373324
0.75030833
1.0607667
0.5697898
0.7413548
0.74577504
0.6849833
1.038456
0.64065325
0.6187339
0.7413117
0.67580885
1.0578982
0.5853382
0.69522476
0.69912195
0.7013431
1.0576394
0.6076985
0.7661122
0.6500919
1.036878
0.6815704
0.5997477
0.6842917
0.5884797
1.0515993
0.6643032
0.7366394
0.70080817
0.6960849
1.0572536
0.63711154
0.7543178
0.68886536
1.0721377
0.53204167
0.71803766
0.6777769
0.7092688
1.0626214
0.6294141
0.7167752
0.6724747
0.7238767
1.0766816
0.64300257
0.7644153
0.7479182
1.0203135
0.64600086
0.5835104
0.73270315
1.0710994
0.6347758
0.7947372
0.68567014
1.030305
0.683326
0.7388926
0.6170604
1.0285914
0.6395166
0.7564732
1.012383
0.6341635
0.7995119
0.6864487
1.0364052
0.5662198
0.659148
0.7214705
1.0418044
0.64305973
0.6920902
1.0518247
0.69547737
0.6873181
0.7364925
0.7469749
1.0505902
0.69146854
0.7491222
1.0056831
0.58067167
0.7333997
0.7122323
1.0596468
0.6830893
0.79756
0.98311627
0.6778629
0.66117257
0.67657256
0.69286764
1.0719309
0.6276529
0.71308374
1.0320126
0.66704285
0.6888222
0.79380083
1.0433217
0.7627356
0.6980256
0.72314143
1.0291785
0.592983
0.7694409
0.76105976
1.03969
0.6323075
0.70601183
0.6830584
1.1017853
0.60635054
0.73452055
0.712093
1.0434792
0.7678356
0.7471916
1.0107402
0.6010448
0.6956281
0.6567786
1.0921515
0.6179386
0.7408612
0.76212806
1.039099
0.6909334
0.76579565
0.7402129
1.0418324
0.5621889
0.6708418
0.66565216
1.0928781
