0.2528524
0.17462434
0.37545174
0.6763817
0.32141808
0.40113682
0.4494988
0.30693802
0.18306841
0.631321
0.4058581
0.2800984
0.26068702
0.31995484
0.3700943
0.31785458
0.262933
0.26766068
0.27898148
0.2543667
0.65044427
0.45681623
0.3765692
0.42480916
0.35299647
0.23252633
0.22271511
0.35986882
0.4864264
0.32242075
0.24234648
0.26899472
0.42868796
0.5008482
0.37923777
0.18229894
0.7788698
0.5027066
0.8155769
1.1535232
0.57821816
0.41140014
0.55306005
0.6902006
0.5614918
1.0974116
0.38826734
0.42966372
0.5638973
0.85796446
0.4711161
1.051284
0.4172244
0.6309782
0.78898954
0.49003184
0.6314651
1.0883425
0.7068802
0.5843404
0.8984889
1.0624335
0.31837013
0.51268035
0.47086015
0.4370023
1.120091
0.43966126
0.40790066
0.46551815
0.5600445
1.1838092
0.22029491
0.3450508
0.4932522
0.3274009
1.1668603
0.40093783
1.310778
0.51027864
1.0258759
0.28794333
0.32602996
0.70053387
0.24698898
1.293716
0.39200243
0.5301981
0.4891959
0.4276711
1.1997895
0.7328596
0.84507924
0.78087866
1.0540024
0.22889294
0.49418473
0.39422798
0.43563753
1.1544695
0.31987497
0.43476284
0.44793713
0.59815836
1.189357
0.74657285
0.9163655
0.917951
1.0574671
0.6771426
0.6639913
1.0428219
1.0533046
0.622921
1.1149462
0.8564124
1.0175834
0.8242866
1.1427524
0.6374772
1.0673907
0.38425106
0.6333565
1.2988396
0.51977354
1.3728046
0.65933305
1.018626
0.48006913
0.71051794
1.1263785
1.051271
0.37333548
0.55156106
1.5041691
0.37605575
0.49252164
0.5112773
0.3304509
1.1731244
0.48081306
0.6299098
1.3003091
0.7148597
0.8256208
0.92205656
1.0709287
0.9373162
0.85359335
1.5173609
0.29872292
0.37259528
0.28857118
0.4577054
1.1778594
0.45861736
0.49996302
1.373264
0.9552382
0.83008224
1.1005224
1.0464655
0.9570554
0.92115176
0.8862327
1.0369672
0.7269376
0.9582937
0.73099464
1.0566648
0.5918764
0.7706362
0.83028793
1.1035727
0.62140465
0.8469567
0.7351968
1.0649515
0.62258714
0.42794374
1.179157
0.5629897
0.877142
0.88762486
1.1052338
0.6857556
0.9517168
0.9136763
1.0545309
0.9490667
1.2163858
0.8045086
1.0311588
0.6340612
0.7634357
0.9243054
1.1018726
