0.6213874
0.619632
0.8018639
0.82575613
0.78244233
0.74130917
0.78973234
0.7986048
0.6067182
0.786879
0.81851083
0.7342187
0.73056436
0.7948264
0.6436056
0.64749813
0.71427935
0.68593514
0.6797997
0.619617
0.79752004
0.7879367
0.65892243
0.76862985
0.7843891
0.70772904
0.4851718
0.76123375
0.78103983
0.6832861
0.68389845
0.7133331
0.7790799
0.63689727
0.72697186
0.7424506
0.6281823
0.6755388
0.69954413
1.1408197
0.63537735
0.5499846
0.68697965
0.7133196
0.61925405
1.1054688
0.624738
0.6157748
0.6361766
0.70346737
0.6493779
1.0870391
0.629576
0.66781336
0.6870927
0.6954654
0.714599
1.0962008
0.67948806
0.6373036
0.74150044
1.0681276
0.62636197
0.7381694
0.7321153
0.69820005
1.0278598
0.6583626
0.54531676
0.7775441
0.70417184
1.0427109
0.6195792
0.7408752
0.71123224
0.67304355
1.0494221
0.6096525
0.73321325
0.6661868
1.0337759
0.6259249
0.62693584
0.72697693
0.63597876
1.0377471
0.61152214
0.7234942
0.6712915
0.7154599
1.0494553
0.6570759
0.7564337
0.74800915
1.0758455
0.5735223
0.722823
0.662713
0.731906
1.0492953
0.5825115
0.6665685
0.7047494
0.75975186
1.063186
0.6832508
0.7452772
0.7351241
1.028822
0.6417742
0.6445827
0.7283816
1.0599129
0.59785503
0.7579281
0.68755484
1.062475
0.68181676
0.7194805
0.65565896
1.0322472
0.66868067
0.7252199
1.0392112
0.6373344
0.7614979
0.71035564
1.013384
0.6098037
0.7236367
0.7377722
1.0366893
0.7144451
0.72675616
1.0479081
0.7040028
0.72459346
0.7196347
0.7006551
1.0429711
0.67123896
0.7425072
1.0074682
0.6033175
0.7089622
0.6992151
1.060709
0.72237486
0.79975057
1.0234979
0.6415825
0.68426913
0.66923183
0.70104367
1.0604042
0.70650554
0.76165056
1.0438672
0.7073489
0.7165502
0.72209364
1.0601023
0.74947864
0.71184295
0.77390426
1.0149046
0.62748617
0.7097477
0.7391558
1.0500047
0.62844044
0.7505626
0.68337417
1.1083784
0.6252827
0.78638613
0.72299165
1.0505623
0.7649035
0.753748
1.0186737
0.6247191
0.68556696
0.68344456
1.1146815
0.62343174
0.7064647
0.7927394
1.0530809
0.72622
0.7050297
0.7416105
1.0369098
0.6324591
0.6840435
0.6509506
1.1108453
