0.6611619
0.6145197
0.90771675
0.937048
0.919496
0.86739546
0.8708494
0.7885913
0.65601164
0.90507996
0.9470015
0.8450121
0.8807496
0.8531197
0.82437
0.8516975
0.7520689
0.7673271
0.6753355
0.6831874
0.88607526
0.93900603
0.79762334
0.81072605
0.82265985
0.8418433
0.6200193
0.9024643
0.9072494
0.8126537
0.84050375
0.82718503
0.99076366
0.8608224
0.8796083
0.90275776
0.6841513
0.6380185
0.7115997
1.1686094
0.63536406
0.58376175
0.7065615
0.741515
0.6722798
1.2036484
0.5565817
0.6271769
0.71877927
0.81482714
0.6321166
1.1761438
0.6010688
0.67977875
0.69929624
0.6791157
0.7890444
1.1817183
0.66122437
0.6097834
0.7948504
1.0943047
0.58248067
0.82527
0.75657606
0.6351445
1.0815119
0.5901231
0.57864803
0.8038674
0.71167433
1.1194832
0.5784604
0.7214769
0.77473265
0.7219235
1.1285533
0.56100976
0.86855906
0.6594481
1.0857707
0.62526476
0.55980855
0.8041843
0.6494595
1.1315749
0.59258527
0.81057787
0.6520932
0.7136223
1.1179377
0.65778714
0.7974357
0.6998385
1.1122581
0.56591207
0.7564107
0.64241856
0.72709316
1.1182508
0.5680819
0.72195053
0.64889646
0.80235904
1.1338415
0.61352175
0.82341963
0.7587249
1.0964216
0.68519527
0.62597257
0.8312926
1.106039
0.6187562
0.8600054
0.6664693
1.0574023
0.64789724
0.7981711
0.67899936
1.1074196
0.6400041
0.8363894
1.0929015
0.60685676
0.8350675
0.69996625
1.0831138
0.61490846
0.70305556
0.76233226
1.136845
0.6767523
0.7840842
1.1164697
0.74146086
0.67117214
0.79496
0.7212225
1.1315521
0.6806244
0.86823386
1.0569829
0.61709625
0.78386825
0.7403405
1.1435812
0.681362
0.89093494
1.045856
0.7199345
0.6810432
0.6612391
0.73632693
1.1913775
0.67993206
0.8066388
1.0751504
0.70076525
0.7138169
0.7995712
1.107396
0.75123525
0.72155535
0.7682911
1.1231128
0.5615186
0.7940554
0.777041
1.0910945
0.60764337
0.73376924
0.70251
1.1549171
0.6326684
0.7695272
0.75406
1.133202
0.8205199
0.7852958
1.0709292
0.6236518
0.74688846
0.74845153
1.1566292
0.6610831
0.7610726
0.80156666
1.0930108
0.7547656
0.7670972
0.73224103
1.1129048
0.6461492
0.716805
0.7166185
1.1719508
