0.6867556
0.67995787
0.8320784
0.7888905
0.80738187
0.76309013
0.8059415
0.8057264
0.6155466
0.7711484
0.79994106
0.78907156
0.69784963
0.79598236
0.62744844
0.71483094
0.7760669
0.73438424
0.6907004
0.6895528
0.7772081
0.7797017
0.6609538
0.73544574
0.8186603
0.74322337
0.5543224
0.80763155
0.73485917
0.69060844
0.6953299
0.6835825
0.7801359
0.69589347
0.7259822
0.7741976
0.6307029
0.6098064
0.71103215
1.1081952
0.60373354
0.6780723
0.6751871
0.6958743
0.6880309
1.1097888
0.685454
0.6305006
0.6974549
0.7379127
0.742087
1.0726204
0.63197523
0.6514151
0.7296142
0.68241775
0.716065
1.0700026
0.64828175
0.5932608
0.7790649
1.049316
0.53070545
0.725752
0.7240404
0.6163832
1.0127792
0.66406435
0.62511075
0.70976967
0.69596386
1.049661
0.6420541
0.7127296
0.7194337
0.6977249
1.0496033
0.56609803
0.7806023
0.7031238
1.0143673
0.64209366
0.6340435
0.71933675
0.6228126
1.0271609
0.60927194
0.7181884
0.66621625
0.69902015
1.0330783
0.68754435
0.7576246
0.6877538
1.0535938
0.5496054
0.7617393
0.6860296
0.75123113
1.051304
0.62499845
0.70950395
0.6847191
0.75175816
1.0808251
0.6565431
0.7595984
0.7061173
1.0084825
0.5883049
0.63578683
0.72397566
1.0503184
0.6212758
0.7623789
0.6993117
1.0161321
0.67905384
0.71934575
0.62005806
1.0096277
0.59394157
0.77209765
1.0150325
0.66366327
0.7777953
0.6670733
1.0233864
0.62433106
0.69395226
0.7569493
1.0363499
0.6452604
0.7353603
1.0527024
0.72246855
0.6855691
0.76786166
0.7235718
1.0270227
0.69643015
0.7597277
0.9899222
0.58968735
0.72563905
0.70589024
1.0486263
0.72390616
0.77332896
0.97365177
0.70199484
0.66767806
0.64313364
0.7226525
1.066289
0.60279274
0.73319507
1.0191872
0.6554575
0.7444619
0.74588305
1.0534011
0.7031622
0.71820396
0.7456576
1.0210874
0.65349716
0.74506027
0.70713377
1.0311837
0.62014544
0.69918424
0.6627258
1.093945
0.6545834
0.7306181
0.72044635
1.0374684
0.7606765
0.76348287
1.0019087
0.60305196
0.70443106
0.6826734
1.0973083
0.6420773
0.76935446
0.7512873
1.0383847
0.71805304
0.7423861
0.70843613
1.0401251
0.62218267
0.6796844
0.7052962
1.0862108
