0.69918823
0.6491441
0.85143185
0.84994096
0.8319779
0.8137369
0.8575757
0.7964264
0.64041084
0.8402377
0.8615056
0.8461719
0.8265472
0.8383741
0.676805
0.7635368
0.8381266
0.71716213
0.74341327
0.7138661
0.8882135
0.83715
0.691352
0.79297304
0.79077554
0.8194199
0.52725947
0.84999377
0.80127335
0.6988216
0.8055806
0.7806917
0.8687408
0.7633777
0.7862655
0.85294574
0.67217326
0.63479334
0.70631814
1.1136577
0.64447397
0.63666904
0.74771744
0.78545314
0.7744213
1.1226151
0.6670518
0.6746047
0.758848
0.78162134
0.74942595
1.1250888
0.6200411
0.72610855
0.74198014
0.7721306
0.7848085
1.1079496
0.6818831
0.6678368
0.7756744
1.0209303
0.6793515
0.8060308
0.777173
0.73115253
1.0125833
0.6388121
0.61114573
0.80281126
0.75777334
1.0733985
0.5835759
0.7545729
0.7404082
0.75289345
1.069874
0.6773649
0.85317457
0.69087
1.0553721
0.681139
0.61776334
0.7806525
0.71815234
1.0586334
0.680636
0.80575126
0.7219945
0.7540228
1.0636432
0.7058223
0.81480724
0.73328894
1.0562998
0.6894603
0.7903211
0.7582273
0.7691685
1.0376518
0.61801535
0.7586118
0.72916377
0.81261367
1.0397758
0.65087587
0.80638415
0.76889837
1.0503619
0.6850991
0.6612027
0.79692256
1.039221
0.6658255
0.8179756
0.6915252
1.0364767
0.7046255
0.80203557
0.6913958
1.0364225
0.70312095
0.8008195
1.0358464
0.7056591
0.81719315
0.7908961
1.0467191
0.6251344
0.78684235
0.7953831
1.0684814
0.7042712
0.75403064
1.0609412
0.7828219
0.7381952
0.7928299
0.7710859
1.0608734
0.7096168
0.8393754
1.0165912
0.65085787
0.7726613
0.7743112
1.0738829
0.69182336
0.8418911
0.99389166
0.7318944
0.731671
0.6953294
0.7711695
1.0959607
0.656093
0.8063357
1.0251695
0.6815602
0.74002606
0.8020987
1.0357318
0.8112886
0.79351157
0.79934335
1.0531452
0.66343284
0.7844941
0.7726795
1.0247474
0.5967362
0.77434033
0.7422602
1.1107368
0.6688127
0.7831844
0.7724412
1.0702745
0.8116934
0.8004721
1.0091672
0.59132063
0.76078635
0.7228385
1.088467
0.6362765
0.8033807
0.7768383
1.0363204
0.80839074
0.764074
0.79845935
1.0677977
0.6451029
0.74869144
0.7478463
1.0993668
