0.25821182
0.2231627
0.36457074
0.8259599
0.35757348
0.4272175
0.38584965
0.33556005
0.26770368
0.7804177
0.3811541
0.28302446
0.22139229
0.3605542
0.43654427
0.38941735
0.3515771
0.35627997
0.31331018
0.20222838
0.67379117
0.52181923
0.46890864
0.46625525
0.39305705
0.22027291
0.2098795
0.39747757
0.6381718
0.34800386
0.29078805
0.4248962
0.48276225
0.58214974
0.38904536
0.23034678
0.5170007
0.62756276
0.8201623
1.2982208
0.4298211
0.35667166
0.4264099
0.57629347
0.51631063
1.401074
0.38104096
0.41584867
0.55339295
0.6738508
0.40368313
1.3427714
0.37283924
0.4418181
0.676329
0.55515903
0.5890428
1.4096378
0.5649811
0.51578355
0.752614
1.302066
0.32933125
0.6975953
0.49798512
0.41473964
1.4421152
0.51790446
0.5090722
0.5671137
0.6064248
1.5149906
0.4510444
0.5158476
0.5677449
0.41461015
1.4682671
0.48560613
1.1352081
0.5945227
1.1780412
0.38820988
0.3043059
0.7455839
0.3209407
1.6757858
0.46393615
0.587682
0.5061675
0.43900573
1.5308596
0.746051
0.8239098
0.88742626
1.2672558
0.34710923
0.5999921
0.45110968
0.60773724
1.4768596
0.40755197
0.48359978
0.5343268
0.7202086
1.588972
0.6051893
0.74493074
0.76078147
1.2870502
0.6824001
0.6906836
0.9623555
1.2542855
0.5894529
0.90367496
0.6257976
1.221447
0.5946424
0.96281576
0.53915954
1.3103518
0.4745011
0.7631147
1.6088971
0.42706537
1.076296
0.6115016
1.1925435
0.56275105
0.64193887
0.86689955
1.3040904
0.3901938
0.5272362
1.5303189
0.4701834
0.46085405
0.61102307
0.35492697
1.5346886
0.5924447
0.5539487
1.6179808
0.38317394
0.5183228
0.7176608
1.3771489
0.97166085
0.63453585
1.813627
0.3908493
0.39292198
0.31945246
0.43116915
1.5244035
0.53433955
0.64900625
1.5341599
0.5467519
0.60479105
0.81830776
1.3576031
0.75994194
0.81327003
0.6805907
1.2826209
0.55126977
0.85643977
0.5560817
1.3023287
0.5472119
0.7051603
0.6601754
1.3784186
0.6073739
0.6854571
0.6836291
1.323244
0.76275873
0.5016887
1.534541
0.5319027
0.6939737
0.6884622
1.3906685
0.51207113
0.7659179
0.8227416
1.2954224
0.7383053
0.9964133
0.65142626
1.3115965
0.54584056
0.5948955
0.66939086
1.3638309
