0.6990876
0.6604573
0.949465
0.96508825
0.90242624
0.9107013
0.8922612
0.8380602
0.70013714
0.8868927
0.922563
0.86201125
0.8959891
0.8497034
0.79710436
0.85052913
0.8213841
0.80929774
0.6938597
0.69985265
0.9189693
0.9393051
0.7734822
0.825074
0.84961796
0.84325373
0.55593115
0.9091837
0.921339
0.8385773
0.8100332
0.8387624
0.9824108
0.8232077
0.8517762
0.8818441
0.6100318
0.62401354
0.70938784
1.1874977
0.6052372
0.55962354
0.69047546
0.7051312
0.65126896
1.2127255
0.56514645
0.6173441
0.7096207
0.7647174
0.6560029
1.2156694
0.58640873
0.62738293
0.6925461
0.6549248
0.78076524
1.2115794
0.6354758
0.5836136
0.77513164
1.099022
0.51684284
0.77738667
0.7231018
0.5896288
1.1089435
0.5752434
0.5535687
0.74674606
0.68074363
1.152623
0.5477538
0.680278
0.72318655
0.6883272
1.1470144
0.5494853
0.8180367
0.62022924
1.1190984
0.5944899
0.58664066
0.7846177
0.6186481
1.1410133
0.5544196
0.7552454
0.61366576
0.7040925
1.1453941
0.6338184
0.77619326
0.6803341
1.1442059
0.51266664
0.7380191
0.6601036
0.7125466
1.1423945
0.52593917
0.70430106
0.645483
0.7675157
1.1526676
0.5620882
0.77121294
0.6870146
1.1161941
0.6017272
0.6179512
0.783211
1.1269677
0.60792774
0.83575344
0.6547143
1.0954496
0.63562316
0.75121886
0.6235495
1.1215218
0.65718937
0.79819596
1.0782818
0.60907805
0.81381625
0.6645064
1.120751
0.60360163
0.7119185
0.7577055
1.1546996
0.66239613
0.7892492
1.1011275
0.6944908
0.6736674
0.7301274
0.6815014
1.1278484
0.6790107
0.82635856
1.0647154
0.5828435
0.7611674
0.71713513
1.135662
0.62958413
0.8911838
1.0523582
0.66130584
0.60741955
0.6326885
0.719646
1.193281
0.625566
0.787954
1.0600379
0.6715011
0.6966573
0.7649349
1.1232413
0.7234392
0.70133126
0.7279788
1.120069
0.592406
0.74427056
0.7568941
1.0770437
0.6028584
0.72557807
0.6959539
1.1690094
0.6204722
0.7301128
0.68580776
1.1384449
0.7657305
0.7558946
1.0808792
0.6001667
0.6905542
0.6675655
1.1842135
0.61616653
0.72655296
0.7500962
1.1043651
0.70585734
0.7471341
0.718839
1.1186222
0.5959727
0.7353544
0.71024746
1.1915596
