0.5875621
0.57377803
0.7794497
0.7913362
0.74188244
0.7694886
0.7263923
0.7339694
0.57663274
0.6737644
0.76065147
0.75090414
0.6725766
0.6827359
0.60662884
0.62780976
0.7795534
0.674911
0.6538577
0.53181916
0.7584033
0.78593975
0.6253451
0.6889932
0.79812855
0.7154111
0.48742896
0.69646835
0.7016726
0.5834194
0.6648761
0.6908191
0.77343756
0.6247577
0.6687291
0.7480599
0.6310722
0.62070847
0.6443076
1.0798453
0.6452489
0.5830503
0.66825646
0.706291
0.67381996
1.0901583
0.63392246
0.61551785
0.6624199
0.6685056
0.65037537
1.0786974
0.56600034
0.65887547
0.6754656
0.6929696
0.707126
1.0665094
0.6435557
0.6517338
0.7682549
1.056459
0.5773411
0.6962779
0.68223137
0.6065483
1.0176557
0.59234834
0.59996206
0.6724867
0.6873061
1.058661
0.59632105
0.67926
0.67856705
0.65039253
1.0372894
0.58463556
0.76376003
0.63552594
1.0383333
0.6411164
0.6024712
0.7077684
0.58055395
1.0274266
0.63171065
0.69280803
0.6562982
0.6523041
1.032851
0.61598295
0.71225476
0.677149
1.039516
0.5498378
0.71078736
0.6368407
0.69667965
1.0428168
0.5991461
0.7163695
0.68707585
0.7508773
1.0719677
0.60525346
0.74648404
0.7080834
1.0357852
0.6692419
0.59268683
0.7496039
1.0140724
0.61574996
0.7691957
0.6463067
1.0263923
0.6882619
0.71687293
0.65364426
1.02846
0.6726026
0.72615045
1.0092695
0.630524
0.75111455
0.691741
1.042496
0.6439876
0.6712513
0.7348637
1.0498716
0.6951552
0.7208803
1.0583444
0.71668315
0.6938793
0.6643968
0.6690855
1.0294476
0.6440271
0.77905566
0.99908
0.5718918
0.72058326
0.7074561
1.049421
0.6856598
0.79180396
0.9967878
0.6310173
0.67019624
0.65761346
0.68325984
1.0549368
0.6351466
0.72100616
1.0105805
0.66451204
0.6827589
0.7523112
1.0477865
0.7162774
0.673252
0.71948487
1.0023826
0.61449057
0.7405535
0.71341395
1.0451425
0.59622735
0.6858213
0.6777767
1.080628
0.6000433
0.72472435
0.71516854
1.0401157
0.73138255
0.71532726
0.97993076
0.5925971
0.6898923
0.67579514
1.0793743
0.69148386
0.7438682
0.71086
1.0457771
0.73386866
0.71881336
0.67940074
1.0061059
0.6139241
0.72028387
0.67342764
1.0701544
