0.6176638
0.56984276
0.6366126
0.6231957
0.61969024
0.60343325
0.6235116
0.57853496
0.448695
0.5346374
0.5333498
0.51333845
0.5300532
0.5034356
0.53119266
0.48501253
0.517313
0.47967905
0.5864848
0.5775507
0.62648994
0.6413804
0.6078397
0.61751467
0.60930115
0.5843275
0.46404672
0.54421407
0.54460144
0.5144643
0.47940993
0.47028154
0.5276792
0.50829214
0.51962453
0.4941129
0.9187609
0.79154456
0.87497354
0.919442
0.6374779
0.6516643
0.7149783
0.73005795
0.6866054
0.7244263
0.64518714
0.5760083
0.61091906
0.7354744
0.714003
0.7226142
0.60937184
0.5766438
0.6652215
0.6662263
0.76205677
0.7214763
0.88539
0.9153195
0.93442655
0.9204571
0.85398704
0.96601254
0.9826858
0.85591114
0.9756705
0.97607064
0.9540713
0.94624865
0.9476887
0.97657835
0.90719956
0.93118757
0.9376978
0.9762693
0.9783642
0.8353656
0.95451397
0.89464456
0.91537464
0.97264665
0.784679
0.82300407
0.70688844
0.9787291
0.8397074
0.9762317
0.8937986
0.9824033
0.97739154
0.9818621
0.9828636
0.9486917
0.91963774
0.8318587
0.9456002
0.85195214
0.93827003
0.97767925
0.7577522
0.9985127
0.8551229
0.947821
0.97767353
0.9703039
0.9886419
0.93751216
0.9202056
0.92430747
0.9555073
0.99342525
0.9189777
0.909551
0.99157816
0.9308387
0.9184054
0.96522063
0.84146595
0.8905086
0.920055
1.3905293
1.42095
1.3142829
0.9627189
0.95694077
1.0006613
0.92019475
0.9828061
0.9162442
0.8615925
0.91827935
1.4935564
1.4625863
1.3188434
0.8499858
0.85581505
0.9742043
0.9080676
0.97846526
1.4397317
1.4306127
1.3162459
0.9003806
0.95686823
0.9669018
0.92042583
1.4810661
1.4124341
1.31779
0.6761826
0.9108501
0.699957
0.8009039
0.9768654
1.3524783
1.4055976
1.3146443
1.0083779
0.9993627
0.9825946
0.92344433
0.96280414
0.99630046
0.9681652
0.9173608
0.9765558
0.9424809
0.97770137
0.9220638
0.8445441
0.9257709
0.8659736
0.919335
0.93807054
0.96172166
0.9450881
0.91780907
1.4434845
1.4659073
1.3138325
0.82834655
0.96102
0.8576555
0.91907233
0.95087415
0.9892519
0.9949989
0.92091197
0.9478245
0.9771813
0.9856013
0.92033094
0.83506227
0.9451428
0.84027296
0.9186261
