-0.18826838
-0.19480059
-0.21654555
-0.24097829
-0.2715287
-0.22320142
-0.24757199
-0.27461872
-0.1634077
-0.29027525
-0.2685287
-0.20479622
-0.24573429
-0.23940414
-0.19619082
-0.2670536
-0.28294575
-0.27414826
-0.1858784
-0.1863712
-0.26060057
-0.29787824
-0.23550047
-0.21278137
-0.20373257
-0.2570342
-0.19121973
-0.23510693
-0.27156729
-0.25043622
-0.2601697
-0.21228474
-0.2841393
-0.26437822
-0.24137725
-0.2667154
-0.057149157
-0.026878325
-0.031463325
-0.08056186
-0.10125641
-0.11971182
-0.060306888
-0.06267575
-0.049846847
-0.12089562
-0.11601591
-0.07417091
-0.11525728
-0.09208928
-0.07284108
-0.14631929
-0.0988524
-0.08503168
-0.07310958
-0.109898426
-0.07273195
-0.11449257
0.009244045
-0.021677628
0.051559795
-0.05458612
-0.058958154
-0.021144276
-0.039196014
-0.050276324
-0.09689337
-0.03571222
-0.041985113
-0.020903353
-0.043842435
-0.114883244
-0.072161414
-0.021838214
-0.030683778
-0.06515036
-0.12842846
0.03172782
0.04324968
0.019292027
-0.045214817
-0.05400758
-0.06294009
-0.06135166
-0.096846975
-0.06726621
-0.090798706
0.006540411
-0.064579345
-0.039894544
-0.1063776
-0.03269472
0.038888045
-0.043234322
-0.05287243
-0.07214859
-0.03765642
-0.050108034
-0.022191828
-0.114526436
-0.09431171
-0.01832233
-0.07484878
0.013508488
-0.06563331
-0.037307303
0.0035705073
-0.040875774
-0.081023425
-0.018914774
-0.025999373
0.03932279
-0.080251016
-0.09039128
0.031319417
-0.08719043
-0.08457749
-0.0205256
0.0050631333
-0.0028055797
-0.052794766
0.047340345
0.108721636
-0.02258806
0.024432298
0.04620381
0.061213776
-0.053599026
-0.050325334
-0.03235618
-0.034447838
-0.062716775
0.08203301
0.12053772
-0.012978757
-0.04730164
-0.07689534
-0.042415842
-0.017217323
-0.11997272
0.085408695
0.14473757
-0.019302256
-0.015304439
0.04696938
-0.029541412
-0.05798976
0.20425417
0.15521322
0.018856544
-0.09700309
-0.052887328
-0.096596405
-0.06277276
-0.11024556
0.055723283
0.10007456
-0.027139403
-0.029828763
0.0110728685
0.050305314
-0.040085904
0.0030865448
-0.03175873
-0.018461483
-0.06853953
-0.05992337
0.009843814
0.024513386
-0.050373975
-0.041916568
0.019361649
-0.00073819753
-0.059146147
-0.04107643
0.012469614
-0.015453521
-0.06432642
0.087549925
0.07858138
-0.014912603
-0.0051002605
0.0097001735
-0.03864965
-0.059726536
-0.03270551
0.017989885
0.025800599
-0.039875884
-0.0055926978
-0.0045172423
-0.023346156
-0.12218278
-0.035226077
-0.016133446
-0.07012434
-0.079960674
