-0.12968713
-0.16401519
-0.102478646
-0.12264925
-0.17591749
-0.103683874
-0.14764309
-0.17257364
-0.13544458
-0.12573259
-0.18707015
-0.11159483
-0.14186648
-0.19824404
-0.09677842
-0.15333039
-0.20949416
-0.15032569
-0.18879391
-0.19509864
-0.23806538
-0.14900002
-0.09584745
-0.04196173
-0.10746614
-0.118626684
-0.1757141
-0.1381069
-0.12344701
-0.12478172
-0.14029501
-0.1801323
-0.21195357
-0.111411326
-0.14318214
-0.13703677
-0.011178776
-0.05041489
-0.00028659138
-0.30847755
-0.029811239
-0.06189463
-0.015709052
-0.075809956
-0.08951975
-0.33980379
-0.09464749
-0.13723493
-0.090288065
-0.014963095
-0.039092768
-0.31440023
-0.14382169
-0.048061248
-0.05814488
-0.030554125
-0.035692383
-0.2564892
-0.045202732
-0.052609995
0.028484108
-0.2148801
-0.09613401
-0.0017094236
-0.045495737
-0.08781717
-0.20110607
-0.051934928
-0.05126602
-0.03326591
-0.06170571
-0.22618462
-0.11903478
-0.043171436
-0.04292156
-0.059864357
-0.24223897
-0.046251755
0.032892596
-0.018177131
-0.19668807
-0.045314346
-0.032871954
-0.038106397
-0.071354724
-0.18610862
-0.07841751
-0.05907779
-0.048474975
-0.005215647
-0.24471328
-0.049789667
0.014380458
-0.06273557
-0.21373658
-0.11781021
-0.0468414
-0.039050385
-0.0019631449
-0.20926204
-0.13242036
-0.03514006
-0.059840214
-0.008605042
-0.21348941
-0.12454512
-0.0056437147
-0.07197605
-0.19278954
-0.07267015
-0.041573428
0.0050062747
-0.21031626
0.0013527062
0.037359033
-0.005681723
-0.22380437
-0.011465572
0.0023791557
-0.0050042504
-0.16785736
0.029597647
0.11856017
-0.19693185
-0.021078154
0.06217125
0.058074668
-0.12414137
0.01131204
0.026212202
0.009105538
-0.242496
0.05188924
0.07735738
-0.18723504
-0.013033476
0.016102472
-0.033749454
-0.044208832
-0.25201425
0.04192774
0.12540628
-0.11264722
-0.06949271
0.033683695
-0.007637551
-0.19893791
0.08974063
0.15188721
-0.10036136
-0.057706933
-0.0906983
-0.053612847
-0.08265821
-0.28953782
0.03245373
0.06567459
-0.24035904
-0.010473545
0.021325024
0.025001533
-0.187093
-0.06260428
-0.0170115
-0.037261274
-0.1656192
-0.06462811
0.028076094
0.028857404
-0.22677386
-0.046469036
0.030738546
-0.020625634
-0.27291682
-0.03520074
0.0156149
0.033681907
-0.25491175
0.11353115
0.10764315
-0.10667673
-0.038681358
0.031305537
-0.004489225
-0.26166764
-0.040031187
0.050812963
0.006454561
-0.2585047
-0.016725002
0.021735353
0.008810284
-0.17197186
-0.005619978
-0.021897297
-0.01385357
-0.29783574
