0.10406013
0.07561114
0.13057005
0.1248694
0.12613603
0.10583173
0.11640583
0.08267933
-0.017190143
0.036073055
0.02902959
0.026084784
0.033181805
0.0024754228
0.031132454
0.003138341
0.040275924
-0.010915773
0.088738784
0.09374103
0.13112208
0.13380006
0.10526594
0.119541705
0.091782354
0.10628679
-0.017989859
0.03695239
0.045763593
0.012355408
-0.0019676771
-0.008871972
0.031592112
0.0020822391
0.029450623
0.021033082
0.39427438
0.32701632
0.37469232
0.41850114
0.1635802
0.14053753
0.2140836
0.2263458
0.18628766
0.22668736
0.14521529
0.093849875
0.12884961
0.221436
0.21418327
0.22351095
0.12312688
0.10982577
0.17403857
0.17438613
0.27402478
0.22321711
0.3824542
0.45932627
0.38297668
0.4214188
0.26170546
0.3461181
0.3568266
0.27648187
0.3060501
0.31590998
0.34046802
0.3320673
0.33161587
0.3074451
0.29660186
0.31497085
0.30789128
0.34602675
0.30432028
0.38228068
0.4575994
0.42051628
0.41951033
0.32120383
0.2780929
0.22556382
0.17764515
0.30827156
0.2548928
0.34862623
0.28840238
0.35871434
0.30748886
0.47407532
0.47417846
0.4600683
0.41919956
0.24763522
0.32578483
0.27352035
0.3140396
0.30444273
0.21316966
0.3643326
0.2731196
0.30675915
0.30783758
0.37976277
0.47586575
0.42069268
0.42076564
0.39682573
0.43313864
0.4891899
0.41892213
0.3999478
0.47269186
0.4247392
0.4196813
0.42719412
0.36145893
0.39549053
0.41958144
0.59726757
0.5973616
0.58427316
0.45887625
0.46552944
0.4849368
0.42141494
0.47292402
0.40768644
0.37401953
0.4173435
0.6111225
0.6607266
0.5842868
0.26107052
0.28779754
0.3388981
0.28908783
0.3062384
0.6403735
0.6377219
0.58525676
0.40242717
0.43914768
0.45268744
0.4195402
0.5985182
0.61501235
0.58629733
0.14323387
0.2609817
0.14955083
0.22487728
0.30577415
0.58899146
0.61546594
0.5847179
0.46885604
0.4764726
0.46487746
0.4215968
0.4547287
0.48583314
0.46329826
0.41805345
0.41089112
0.4125788
0.48416498
0.42073494
0.3282305
0.41384506
0.36430442
0.41830772
0.41353956
0.44843847
0.4339413
0.41961014
0.64404714
0.65852594
0.58400863
0.35266894
0.45130396
0.35100633
0.41821003
0.45110604
0.4886414
0.47412777
0.4217022
0.41467682
0.45869505
0.46305478
0.41691244
0.36059403
0.4189938
0.3563657
0.42005995
