-0.19133723
-0.17706527
-0.25834265
-0.22428484
-0.22067353
-0.21018542
-0.24506883
-0.21870397
-0.16826667
-0.26699853
-0.24355826
-0.24781024
-0.2406837
-0.2599516
-0.19986244
-0.25174546
-0.22718301
-0.22683187
-0.19058807
-0.15671843
-0.2646898
-0.24952175
-0.19808023
-0.18264146
-0.22973461
-0.18925665
-0.1759414
-0.22411838
-0.26733035
-0.19389868
-0.23053089
-0.20153905
-0.22394496
-0.23990235
-0.20858225
-0.24944495
0.027548023
-0.030580042
0.004463076
-0.08110469
-0.06402406
-0.11220008
-0.051643796
-0.04200321
-0.028857378
-0.15129206
-0.093208335
-0.10722051
-0.07999009
-0.06859804
-0.0966121
-0.14839803
-0.10469785
-0.060730234
-0.040361114
-0.098676644
-0.015270842
-0.1134875
0.01359169
-0.0068896217
0.09486964
-0.04937571
-0.10515087
-0.0070267403
-0.009666304
-0.079555474
-0.09300051
-0.043804917
-0.040463097
0.00625873
-0.018591492
-0.114845455
-0.093156904
-0.05300281
-0.041940115
-0.014783808
-0.14696604
-0.023619344
0.065329045
-0.007180769
-0.07929768
-0.06443457
-0.039233793
-0.028398184
-0.07761868
-0.08211084
-0.02010319
-0.0032665443
-0.034290157
-0.04082239
-0.118477635
0.02447034
0.08076404
-0.002072599
-0.07147242
-0.042368095
-0.01451285
-0.061313074
-0.023336984
-0.12744845
-0.072767206
-0.02889141
-0.050768234
0.03327684
-0.08721163
-0.019033901
0.059909303
0.033388622
-0.0950946
-0.0029673867
0.04556935
0.092503704
-0.105797514
-0.042094484
0.061468806
-0.07853945
-0.1156634
0.03178833
0.021925455
0.036509912
-0.040434208
0.06659849
0.1654221
-0.033706956
-0.0033138397
0.040696263
0.057406522
-0.06453369
-0.0031593302
-0.009212711
-0.0023984509
-0.10313663
0.062294878
0.17615043
-0.030199582
-0.041341506
-0.06218918
-0.042921342
-0.03655883
-0.11643662
0.11270358
0.19982928
-0.015659492
-0.014760858
0.042170376
-0.013009668
-0.09120566
0.23455937
0.18291931
0.0168938
-0.09227207
-0.055776965
-0.073933214
-0.10177952
-0.14297816
0.06473913
0.14134607
0.0003723679
-0.007730016
0.010090986
0.042629126
-0.056205727
0.027106343
-0.018909885
0.015700627
-0.10892432
-0.008574438
0.044859484
0.039326634
-0.061919283
-0.03825006
0.051729407
0.0016042208
-0.07573688
0.00048437613
0.05506895
0.026576826
-0.09439716
0.102169365
0.10405191
-0.023230772
-0.014484061
0.008690302
-0.0040021646
-0.061994832
-0.05503085
0.013529576
0.04288303
-0.06664068
0.01715698
0.009495786
-0.011701669
-0.0830927
0.008417791
0.019043604
0.019585976
-0.08486268
