-0.23634519
-0.23518091
-0.25267935
-0.30973178
-0.25675735
-0.27495205
-0.2593834
-0.28565645
-0.21900557
-0.3024584
-0.25413418
-0.27222198
-0.27586326
-0.27133852
-0.20492858
-0.30891716
-0.3047554
-0.25196046
-0.22335634
-0.2626698
-0.26277867
-0.28762934
-0.22186176
-0.2213175
-0.21040708
-0.27005285
-0.2118042
-0.261914
-0.2663247
-0.25724745
-0.26728794
-0.2491579
-0.28420296
-0.2821282
-0.27130684
-0.2991509
-0.063528255
-0.027201986
-0.028658248
-0.06452384
-0.088355504
-0.10563392
-0.060121376
-0.07927965
-0.10399167
-0.104318514
-0.07708257
-0.11529703
-0.114233755
-0.07034694
-0.09450527
-0.10700555
-0.09702079
-0.0822255
-0.0705743
-0.10068899
-0.096210755
-0.08643048
-0.027237887
-0.024576949
0.04416465
-0.03723122
-0.09389767
-0.013011901
-0.072452195
-0.09447641
-0.086679086
-0.06472215
-0.09654141
-0.027377099
-0.05608121
-0.08100106
-0.086896
-0.08323082
-0.042652063
-0.034344748
-0.10373253
-0.029024815
0.02188543
0.0136231305
-0.04432323
-0.086555675
-0.117097005
-0.059177883
-0.08952417
-0.06417591
-0.0643647
-0.05587923
-0.07104112
-0.059381943
-0.05215806
-0.0053070486
0.026623867
-0.043784544
-0.04076418
-0.089204244
-0.058804817
-0.080527894
-0.06660743
-0.104576886
-0.07485041
-0.0917413
-0.09930136
-0.0048823166
-0.075770475
-0.0462223
-0.0002601216
-0.01770118
-0.0563954
-0.04744397
-0.029774988
0.0132757295
-0.044807542
-0.07875495
0.04479667
-0.104806304
-0.07029421
-0.02657735
-0.012448698
-0.0348328
-0.044061065
0.000246887
0.13847122
0.0025805617
0.009607476
0.044881567
0.04122064
-0.036654323
-0.033295076
-0.04277004
-0.00961087
-0.03662739
0.047783636
0.106989056
0.008882453
-0.08874175
-0.069670826
-0.016465664
-0.060866494
-0.06507064
0.06547629
0.16730021
-0.018894125
-0.052435953
0.040817548
-0.020927474
-0.03238622
-0.03541012
0.17331636
-0.033570804
-0.10431604
-0.10760523
-0.090525046
-0.055589497
-0.09215183
0.0661671
0.12211405
0.001266249
-0.04612642
-0.036516078
0.043930788
-0.02375662
0.0005930507
-0.04010128
-0.029613324
-0.031363532
-0.051849954
0.023265205
0.0055949944
-0.043872684
-0.045310795
-0.00064772845
-0.03496372
-0.030645804
-0.055234008
0.016743794
-0.006047971
-0.026370218
0.07602749
0.063026786
0.0065495437
-0.04289401
-0.015751766
-0.014205719
-0.041227084
-0.050168596
-0.024091296
0.0009124024
-0.030466422
-0.00656497
-0.009550231
-0.03465611
-0.04829683
-0.03419017
-0.0038936168
-0.033991266
-0.05004733
