-0.36446813
-0.3972477
-0.37094215
-0.29419848
-0.3649018
-0.3427121
-0.36167786
-0.45849288
-0.42458624
-0.3891436
-0.4075985
-0.44794527
-0.40219268
-0.37834197
-0.3402786
-0.3803246
-0.47368854
-0.36953896
-0.39299887
-0.3885761
-0.34737265
-0.36052305
-0.282251
-0.34956217
-0.31010517
-0.37384066
-0.44696578
-0.4232296
-0.35303572
-0.4282126
-0.35074055
-0.46651897
-0.46366602
-0.37740374
-0.3904219
-0.45627835
-0.12135794
-0.0961804
-0.11354493
-0.34430602
-0.23218301
-0.19448106
-0.15896773
-0.16045861
-0.17880563
-0.36629114
-0.20271352
-0.14726987
-0.20355538
-0.14603838
-0.18627737
-0.3683205
-0.20608078
-0.1960033
-0.1692854
-0.17172918
-0.16702887
-0.36504626
-0.11966086
-0.09286284
-0.046752974
-0.23031218
-0.09139595
-0.10558297
-0.12730548
-0.16147426
-0.26165712
-0.15098555
-0.14914407
-0.07737137
-0.10006245
-0.3009109
-0.17087571
-0.13663477
-0.14103107
-0.16276382
-0.30155215
-0.11044558
-0.07557132
-0.13672295
-0.26622385
-0.17795523
-0.1512221
-0.09638734
-0.17744769
-0.2529949
-0.1775266
-0.13495529
-0.08964751
-0.15418059
-0.28959522
-0.12508292
-0.066241145
-0.08737002
-0.27925384
-0.15664876
-0.12959959
-0.17735448
-0.10925369
-0.2801845
-0.14627469
-0.13282976
-0.12486233
-0.10233736
-0.26820922
-0.15362751
-0.07400045
-0.12294978
-0.24222927
-0.13973407
-0.09509532
-0.063709654
-0.26783264
-0.09859741
-0.049721137
-0.09045787
-0.22004941
-0.110557415
-0.06738758
-0.10519999
-0.21559377
-0.03834668
-0.03751764
-0.20002194
-0.15940265
-0.045472316
-0.15769373
-0.25151545
-0.088534534
-0.112992845
-0.11095226
-0.30477664
-0.07103532
-0.024341457
-0.2430999
-0.1678143
-0.14926843
-0.16442364
-0.16935317
-0.2881341
-0.069275394
-0.04791088
-0.17765638
-0.117035605
-0.06546594
-0.060960107
-0.26818228
-0.09487321
-0.049358074
-0.15481997
-0.191181
-0.20387092
-0.2070444
-0.14172664
-0.3496074
-0.05123564
-0.057381123
-0.19306651
-0.11279771
-0.1282814
-0.060001414
-0.20622009
-0.12438001
-0.1310544
-0.10256351
-0.27067986
-0.09184392
-0.07911837
-0.07157094
-0.22862728
-0.13664359
-0.072370484
-0.08715944
-0.3324795
-0.09925812
-0.082379736
-0.07608564
-0.2748447
-0.060043722
-0.06943045
-0.21175054
-0.09136496
-0.040638473
-0.07673887
-0.32507765
-0.095052026
-0.09087561
-0.07878076
-0.23467407
-0.09317427
-0.10876277
-0.12763116
-0.26556733
-0.09558565
-0.09497779
-0.08744534
-0.32763016
