-0.42346287
-0.36771753
-0.4223748
-0.36863157
-0.38486403
-0.36392036
-0.42932814
-0.4265159
-0.49352705
-0.36817807
-0.3409731
-0.4727667
-0.35925832
-0.46498194
-0.2699707
-0.3679335
-0.45432356
-0.33658424
-0.39931187
-0.41871512
-0.36693022
-0.34746048
-0.24284841
-0.3410668
-0.33157286
-0.40955803
-0.37228915
-0.3884709
-0.38436732
-0.41310337
-0.32638183
-0.42179143
-0.46728635
-0.31675646
-0.37788165
-0.41231942
-0.11347943
-0.09171185
-0.08875851
-0.36833802
-0.18191645
-0.21502014
-0.20877364
-0.15916835
-0.20725545
-0.40152672
-0.16734846
-0.22350718
-0.15926477
-0.17217305
-0.22659048
-0.40621006
-0.18416741
-0.2220266
-0.18037741
-0.23842162
-0.16510445
-0.39585072
-0.11927909
-0.1448702
-0.07188004
-0.21199137
-0.17368427
-0.1494182
-0.14491667
-0.15272342
-0.28037578
-0.18004555
-0.123062775
-0.118760265
-0.13489096
-0.35139436
-0.156881
-0.1427359
-0.14635053
-0.17029454
-0.37362355
-0.111680746
-0.09520273
-0.09163502
-0.26624316
-0.119849026
-0.16452509
-0.13683513
-0.16474703
-0.28397286
-0.18268228
-0.12397829
-0.15618819
-0.16059583
-0.31338766
-0.08522307
-0.09933574
-0.0773105
-0.30168194
-0.1635179
-0.15050398
-0.15674692
-0.15696698
-0.2826909
-0.12901606
-0.1485403
-0.12553535
-0.13853575
-0.2851628
-0.11738583
-0.10512926
-0.1130556
-0.2882835
-0.07456022
-0.08450715
-0.076347895
-0.3139986
-0.13016455
-0.087624535
-0.13015021
-0.23290463
-0.11955087
-0.08663289
-0.09461265
-0.2524798
-0.078574546
-0.05328375
-0.23727018
-0.0986257
-0.07845118
-0.124645874
-0.27552718
-0.10279685
-0.11979218
-0.095648974
-0.3325449
-0.062039055
-0.055846542
-0.26782122
-0.19718514
-0.14399916
-0.1278232
-0.1612054
-0.2905212
-0.09591601
-0.03227478
-0.18881682
-0.12956858
-0.09502685
-0.10126636
-0.32463127
-0.091292925
-0.029740268
-0.18789521
-0.20479657
-0.19000036
-0.16729544
-0.1476258
-0.38228557
-0.062189262
-0.026784677
-0.23813322
-0.12445811
-0.110181764
-0.089558624
-0.23371586
-0.09267987
-0.09510098
-0.1232503
-0.3115186
-0.13395157
-0.095009625
-0.05295877
-0.21237224
-0.0913927
-0.083211586
-0.09528601
-0.35557318
-0.11693974
-0.08929199
-0.09639593
-0.3041246
-0.061919328
-0.03625539
-0.22371966
-0.12102244
-0.11089303
-0.102591775
-0.35005966
-0.121945366
-0.09349923
-0.09851957
-0.23235792
-0.10672856
-0.108165555
-0.10030503
-0.30430564
-0.08802547
-0.11772489
-0.12159892
-0.35027736
