-0.14803964
-0.20193098
-0.17291732
-0.30900547
-0.16514166
-0.18538475
-0.15451175
-0.16372152
-0.19938575
-0.3341193
-0.1498115
-0.14373694
-0.15158634
-0.18182063
-0.22538173
-0.19660887
-0.15267426
-0.19982782
-0.17803726
-0.21081129
-0.24930868
-0.24697766
-0.26118207
-0.23583607
-0.22501592
-0.20710488
-0.19980389
-0.25760114
-0.21886677
-0.21675637
-0.22625624
-0.28306594
-0.24191989
-0.29478222
-0.21706246
-0.19195701
-0.047155008
0.005042158
0.025671449
-0.34368458
-0.0726029
-0.11524504
-0.06560658
-0.047804523
-0.098559946
-0.35767227
-0.078008674
-0.12774645
-0.13248533
-0.086025074
-0.13628593
-0.30129275
-0.1398469
-0.1068518
-0.111786015
-0.12046679
-0.13007104
-0.37497506
-0.08222335
-0.058188133
-0.010727231
-0.29758075
-0.12347643
-0.16262595
-0.17763181
-0.20336415
-0.12951586
-0.21474466
-0.1499118
-0.20869173
-0.21954383
-0.1509149
-0.15860161
-0.20285125
-0.26441637
-0.19542634
-0.14118898
-0.15762292
0.13352947
-0.17103282
-0.23086078
-0.1399997
-0.2364164
-0.31386408
-0.17993481
-0.06241678
-0.22572118
-0.1330379
-0.24613401
-0.1963747
-0.10660334
0.03785484
0.039297897
0.061026454
-0.28938818
-0.21261333
-0.23978868
-0.20507924
-0.19630659
-0.12070547
-0.25292107
-0.11677748
-0.18451697
-0.33301935
-0.06521622
-0.034568142
-0.03940993
-0.070469745
-0.3037921
-0.005627988
-0.006719228
0.050925005
-0.2991056
-0.03302455
0.053953048
-0.015954144
-0.19695176
-0.076266386
0.023022948
-0.020483429
-0.26797962
-0.049037065
-0.22216134
0.01008518
-0.17620751
0.059652828
-0.14392827
-0.20817956
-0.029337475
-0.05085108
-0.031922188
-0.25013235
-0.11825109
0.033002857
0.011163821
-0.1797251
-0.1386104
-0.21541022
-0.20981956
-0.11216008
0.08033955
0.028152633
-0.017078113
-0.14409883
-0.030587208
-0.011292326
-0.2731448
-0.42118862
0.14927551
-0.080520175
-0.1998903
-0.09199276
-0.17707475
-0.2172936
-0.18133424
-0.0010649414
-0.11792238
-0.08326314
-0.041176133
-0.04764912
0.028139122
-0.2827291
-0.05814237
0.04222245
0.021364324
-0.2879321
-0.05856777
-0.0051533943
-0.02411285
-0.29749188
-0.06696966
-0.011226956
-0.018648217
-0.3231113
-0.05302748
-0.02907993
-0.017947173
-0.3208476
-0.12245173
0.05656702
-0.07043461
-0.05241754
-0.0024232916
-0.030514989
-0.33949935
-0.054576777
-0.022676025
-0.032638047
-0.2729131
-0.005709388
0.06437906
-0.074827515
-0.28176594
-0.01228252
0.013566027
-0.048764266
-0.27859426
