-0.36279404
-0.38472563
-0.359396
-0.35108662
-0.34109956
-0.34874287
-0.38932812
-0.4079418
-0.46253696
-0.38204327
-0.40994456
-0.48877895
-0.37191588
-0.4323176
-0.31944007
-0.4257543
-0.40400437
-0.3674985
-0.33822024
-0.39404383
-0.3313093
-0.32972205
-0.28359538
-0.29282707
-0.3174076
-0.37956718
-0.33108822
-0.42011505
-0.3761286
-0.4864987
-0.41163513
-0.44066995
-0.41738173
-0.376774
-0.3965744
-0.48578638
-0.09167424
-0.12892404
-0.11559421
-0.3454635
-0.23290066
-0.1940439
-0.1583947
-0.1694821
-0.15834159
-0.3503755
-0.18708023
-0.17898396
-0.17528376
-0.16286327
-0.1925061
-0.31148583
-0.19374612
-0.19642498
-0.09890352
-0.20870484
-0.16782814
-0.29599926
-0.1477386
-0.08511908
-0.057074156
-0.173565
-0.16410895
-0.13038863
-0.1194883
-0.17963198
-0.19276693
-0.16422674
-0.11454803
-0.11135508
-0.11185617
-0.24698965
-0.14936471
-0.12731655
-0.12975499
-0.112876065
-0.29216713
-0.16467501
-0.06188219
-0.117929876
-0.22719479
-0.16732843
-0.1680171
-0.10828953
-0.15256946
-0.23706752
-0.13820446
-0.09638658
-0.13778134
-0.14452979
-0.25737777
-0.12144033
-0.06881601
-0.10164131
-0.25199658
-0.1731415
-0.093789674
-0.15972683
-0.11845615
-0.2477731
-0.16863512
-0.13939448
-0.13789287
-0.13072473
-0.24990068
-0.145919
-0.07716176
-0.0916599
-0.23009405
-0.104016535
-0.11295792
-0.07179495
-0.24680519
-0.11056636
-0.048558634
-0.07562603
-0.19319046
-0.13718317
-0.08248514
-0.1023652
-0.20519502
-0.06501896
-0.01851336
-0.20011365
-0.14885059
-0.057987567
-0.088784516
-0.20404437
-0.17851073
-0.0773695
-0.090663224
-0.24012507
-0.040173683
-0.0037543196
-0.25213063
-0.124605894
-0.15043327
-0.1435267
-0.1602617
-0.24113725
-0.07313808
-0.05099385
-0.15615451
-0.106138416
-0.073231906
-0.07508774
-0.24882938
-0.028908875
-0.05062971
-0.12735529
-0.19613503
-0.14617184
-0.16484478
-0.1335022
-0.29105797
-0.055715255
-0.0038676742
-0.18498828
-0.0798337
-0.108965166
-0.043498363
-0.2232484
-0.0842783
-0.14405444
-0.11704198
-0.24214713
-0.10186264
-0.0814171
-0.10386467
-0.18171686
-0.15179682
-0.08340016
-0.049881347
-0.30984673
-0.16770409
-0.08314893
-0.06987245
-0.2686806
-0.077215835
-0.029866809
-0.18055877
-0.088384196
-0.1323349
-0.08533984
-0.29933417
-0.10459957
-0.065513775
-0.07345663
-0.2275923
-0.101867154
-0.09449108
-0.102932364
-0.23701748
-0.14526722
-0.085768715
-0.073498964
-0.3069174
