-0.4018197
-0.38586098
-0.37144062
-0.30922237
-0.37891927
-0.34701505
-0.35501626
-0.46468195
-0.3934795
-0.34974772
-0.4055344
-0.45825344
-0.35464507
-0.41607362
-0.3238996
-0.38257885
-0.49224558
-0.3494956
-0.38222334
-0.3797544
-0.373262
-0.34356496
-0.26931715
-0.36215225
-0.33619383
-0.36212456
-0.38422945
-0.40414965
-0.35976654
-0.4534845
-0.3892874
-0.41179445
-0.46420878
-0.34326822
-0.32752553
-0.42528966
-0.16698909
-0.10227568
-0.063299224
-0.38208577
-0.22195147
-0.2054391
-0.15654492
-0.1776423
-0.15861394
-0.3741411
-0.22039245
-0.20444907
-0.20976345
-0.16249163
-0.15381107
-0.40259787
-0.22246434
-0.1996007
-0.20953713
-0.20233561
-0.1775024
-0.3839752
-0.14106292
-0.09707936
-0.04958432
-0.23751287
-0.13072099
-0.13934582
-0.15416914
-0.15247478
-0.27066475
-0.18133932
-0.16967374
-0.1274028
-0.108282566
-0.31810772
-0.14555433
-0.12610859
-0.13998216
-0.14767821
-0.35341734
-0.080287255
-0.079029635
-0.12741493
-0.26147413
-0.13751502
-0.13478324
-0.12131929
-0.11813771
-0.28077146
-0.14541176
-0.11866015
-0.14750999
-0.092255704
-0.30878517
-0.0905963
-0.07326198
-0.10218982
-0.31374675
-0.15372129
-0.14653184
-0.17379707
-0.12620738
-0.2918238
-0.14178398
-0.15028098
-0.18602368
-0.11044641
-0.28964123
-0.10328857
-0.09717754
-0.07233451
-0.26915446
-0.15475985
-0.11424226
-0.10943705
-0.27646348
-0.094458655
-0.09516252
-0.12381948
-0.24647391
-0.14204367
-0.09975528
-0.10307694
-0.24022713
-0.08863255
-0.07729052
-0.22373271
-0.08238053
-0.07237047
-0.12601863
-0.26308957
-0.108430624
-0.12284152
-0.07845642
-0.31629485
-0.05169798
-0.013920809
-0.242179
-0.17623955
-0.17324914
-0.12120093
-0.15020055
-0.29115134
-0.11369713
-0.039060283
-0.16756326
-0.12541026
-0.1074073
-0.102892384
-0.312828
-0.07704381
-0.018823506
-0.16657376
-0.19189125
-0.13017036
-0.17723104
-0.17065088
-0.37505636
-0.049949303
-0.052269027
-0.24804127
-0.11996414
-0.09668191
-0.07739846
-0.25850928
-0.10573333
-0.091506094
-0.10653275
-0.29764846
-0.13629521
-0.088887684
-0.10643131
-0.25653863
-0.10336354
-0.11747986
-0.13473088
-0.34074932
-0.12571491
-0.08165712
-0.07356903
-0.28547767
-0.055732638
-0.052564096
-0.22119938
-0.114555545
-0.08508769
-0.109327994
-0.36027494
-0.09830101
-0.07884709
-0.07377452
-0.2364517
-0.11871773
-0.11191453
-0.11290623
-0.28970343
-0.10118192
-0.10267121
-0.09525792
-0.3478418
