-0.29683745
-0.41357514
-0.35261682
-0.341408
-0.39087832
-0.33255962
-0.39967608
-0.43165925
-0.36607102
-0.38963178
-0.37792817
-0.48201635
-0.4013413
-0.44944197
-0.29486302
-0.39980677
-0.4744492
-0.3529407
-0.3671275
-0.38529027
-0.3250453
-0.36480856
-0.21625549
-0.31118178
-0.3238274
-0.3799096
-0.31640935
-0.3912856
-0.36574093
-0.43480676
-0.35730988
-0.41068453
-0.4397142
-0.35252854
-0.4102943
-0.44374377
-0.12024224
-0.12126971
-0.10953114
-0.38022536
-0.2021598
-0.1772549
-0.16847175
-0.15427254
-0.1487938
-0.38128045
-0.22158617
-0.17548501
-0.19325319
-0.18485436
-0.14424925
-0.3598253
-0.18541743
-0.18067722
-0.16359273
-0.2108181
-0.16096674
-0.32126704
-0.14393964
-0.11432094
-0.062785
-0.20830308
-0.14933039
-0.09025022
-0.17190924
-0.13106571
-0.2774338
-0.2013998
-0.16282044
-0.110426046
-0.1312899
-0.30294162
-0.1796758
-0.12580097
-0.08477267
-0.15188356
-0.3070119
-0.13034447
-0.059599712
-0.099815555
-0.26541367
-0.20416826
-0.16885172
-0.13679457
-0.18691513
-0.2428133
-0.15924332
-0.11001434
-0.13970995
-0.09401416
-0.324349
-0.104519516
-0.09327605
-0.07966243
-0.31990713
-0.18608738
-0.14380914
-0.18835194
-0.1339471
-0.26262242
-0.21676311
-0.19238508
-0.15251033
-0.123313524
-0.26990348
-0.10782104
-0.0661259
-0.079818316
-0.2623445
-0.121048234
-0.08376096
-0.07738789
-0.293406
-0.15400028
-0.0840386
-0.06974059
-0.22348648
-0.151071
-0.07450764
-0.13820387
-0.22103484
-0.05078807
-0.037869167
-0.24617703
-0.092494324
-0.049008835
-0.12275285
-0.27312034
-0.16851678
-0.12055058
-0.10255699
-0.28807697
-0.068154156
-0.026315935
-0.24547547
-0.13933708
-0.16493107
-0.1332115
-0.13513246
-0.25279185
-0.06332127
-0.032641742
-0.17722867
-0.08516624
-0.09300689
-0.09700066
-0.29292798
-0.04416878
-0.030876245
-0.16368951
-0.16329852
-0.22612223
-0.16726746
-0.16738379
-0.33450738
-0.072349556
-0.033700638
-0.17793198
-0.10326357
-0.098250516
-0.103583574
-0.23924834
-0.11238048
-0.11029863
-0.09504535
-0.2800522
-0.11659996
-0.07751624
-0.100804366
-0.21473564
-0.13671628
-0.061187427
-0.081659056
-0.34926406
-0.109088466
-0.053234186
-0.133161
-0.29849038
-0.06604901
-0.042518184
-0.20506032
-0.1376659
-0.10990385
-0.08362515
-0.35787323
-0.12983248
-0.0940105
-0.10099409
-0.23538879
-0.09057572
-0.10326168
-0.075252645
-0.28581735
-0.118934974
-0.08619586
-0.1159738
-0.3501805
