-0.090518594
-0.1475645
-0.14105694
-0.18746069
-0.090383
-0.16339047
-0.18322226
-0.12662111
-0.14940837
-0.21132052
-0.12523884
-0.16778618
-0.1873556
-0.13895561
-0.15985546
-0.17186485
-0.15632981
-0.09588369
-0.046370324
-0.17877471
-0.21112742
-0.11160321
-0.15039933
-0.12072016
-0.15358084
-0.10331822
-0.16541488
-0.087651856
-0.16087103
-0.16289082
-0.17369428
-0.16904692
-0.16667713
-0.22347724
-0.1455503
-0.11722449
-0.03809987
-0.055668276
-0.031672128
-0.3479651
-0.18013228
-0.17771447
-0.17759249
-0.1027745
-0.12513189
-0.41894007
-0.1915697
-0.07983291
-0.11220406
-0.10400485
-0.12597895
-0.32087412
-0.15332294
-0.10509413
-0.084036015
-0.09840945
-0.0921845
-0.40672037
-0.049187496
0.072336085
-0.02542215
-0.34083396
-0.07287433
-0.16410612
-0.10070713
-0.11361695
-0.22411911
-0.05123232
-0.006213928
-0.16457126
-0.17361271
-0.2511407
-0.052877072
0.03867935
-0.14963
-0.026138246
-0.21473521
0.0016078567
-0.020945653
0.04884087
-0.2481301
-0.038996436
-0.2497824
-0.2565047
-0.18890242
-0.1703207
-0.15320554
-0.12140138
-0.19046271
-0.040745296
-0.30749097
-0.018681385
0.022022866
0.013521544
-0.34637392
-0.16086003
-0.12723796
-0.08408417
-0.12937054
-0.20772818
-0.18376379
-0.11527298
-0.19222607
-0.23409851
-0.254217
-0.010242081
-0.020940736
0.024350192
-0.29740658
-0.04475365
0.058392514
0.042314854
-0.32247952
-0.058779124
-0.010989659
-0.048315648
-0.3051262
0.031437274
-0.049521226
0.11268553
-0.24954648
0.15536205
-0.049581237
-0.14784348
0.10409286
0.042314928
0.15860423
-0.15457827
0.043748993
0.01427722
-0.05207687
-0.2785325
0.11835392
0.023754496
-0.145101
-0.1932525
-0.1377518
-0.1620505
-0.18015178
-0.3052388
0.43957883
-0.02316908
-0.08427483
-0.13256471
-0.119223654
-0.026216442
-0.31018665
0.76719815
-0.07309686
0.035985734
-0.105443254
-0.0034395626
-0.11668487
-0.1367241
-0.2809034
0.08645263
-0.07903711
-0.20112044
0.017940786
-0.026806692
0.019453155
-0.27445522
0.009615782
-0.021801561
-0.062426772
-0.34553403
-0.089587964
-0.019127255
0.018700195
-0.3392161
-0.093273796
-0.08545015
-0.07718611
-0.38836563
-0.04248453
-0.048517242
-0.0052468926
-0.3290126
0.0056094504
0.0523212
-0.13372089
-0.059899554
-0.04249457
-0.027888408
-0.36347178
-0.0010850169
-0.0056476677
-0.018453546
-0.3186782
-0.019444082
-0.0059117205
-0.046822496
-0.31622523
-0.09860326
-0.0596802
-0.03246974
-0.35909837
