0.028687235
-0.044119477
0.044735797
0.0770944
0.060903177
0.04252632
0.037769027
-0.021511212
-0.014296275
0.100905545
0.06905245
0.022348467
0.043765537
0.02716554
0.0567395
0.060095686
0.031254523
0.047253378
0.009505284
0.04584155
0.0491983
0.049022075
0.069728516
0.031434946
0.024736805
0.018684627
0.012059036
0.0789787
0.11092047
0.042748928
0.07606056
0.009286701
0.03931532
0.060777098
0.06316019
0.06625164
0.0066469456
-0.043575086
-0.041649144
-0.102683134
-0.01606913
-0.04334513
0.010263653
-0.011207433
0.008258087
-0.012709268
0.0059011695
0.01672575
-0.01861365
0.023926577
-0.022195712
0.021027133
-0.012985348
0.008822568
-0.013540945
-0.033762027
0.03479397
0.022313466
-0.059293557
0.009639181
-0.023586838
-0.014071004
-0.035766084
0.015618622
-0.016376058
-0.032805085
0.0015464259
-0.022774676
-0.045400035
0.025049001
-0.016547777
-0.0025920183
0.0011942305
0.034481373
-0.006347251
0.00891726
0.007714938
0.006940147
0.01873826
-0.0002095296
-0.012246327
-0.017670045
-0.022664564
0.018626187
0.04276988
0.05255225
-0.046141095
0.0038752642
-0.052234508
-0.05924193
0.0012209254
-0.035298362
-0.004488438
-0.0071872054
-0.062650785
0.04492119
0.0057163998
0.012992253
-0.032499436
-0.0084732175
-0.012950853
-0.04193607
0.008893952
-0.033345252
-0.0065296562
0.023252826
0.006687945
-0.0017477158
0.006232983
-0.05125979
-0.01660562
-0.030606233
-0.076763004
-0.03637115
0.022149928
0.011606336
-0.020516844
0.0061551738
-0.021727465
-0.0024135867
0.03592424
0.021042697
-0.057127364
-0.05201687
0.017357294
-0.008343864
-0.0081946645
0.0039284043
0.01527723
-0.0023494062
-0.021972585
-0.0273024
0.01825604
-0.030937724
-0.09105197
0.009427644
-0.0042867432
0.004043505
0.008686909
0.03827741
-0.0103242565
0.027053809
-0.00447844
0.048834693
-0.043320805
-0.013595383
-0.0319896
-0.007639993
0.028776502
7.2145376e-05
0.038469683
0.015186745
0.042748064
-0.0045022555
0.030945783
-0.010066878
0.01558367
-0.036332052
-0.027894406
-0.01577139
-0.0032174813
-0.0035715948
-0.0031206016
0.016989797
0.0042013186
-0.005488063
-0.011065861
-0.01365247
0.003529903
0.0032083532
-0.029071825
0.0048543597
-0.05099349
-0.09785028
0.0017129342
-0.004371617
-0.023684869
-0.019383363
-0.0178943
0.009973006
0.019090751
0.01590577
-0.029991172
-0.015055094
-0.08365897
0.0007725206
-0.01581447
0.022746323
-0.008760286
0.0014191542
0.031333596
-0.0023547579
-0.00720539
-0.042251408
-0.00873601
-0.03677836
-0.06149339
