0.11766645
0.06984134
0.13661261
0.123196006
0.11968973
0.103435695
0.12351084
0.07853522
-0.051307257
0.03463728
0.033346556
0.013337356
0.030050239
0.0034366697
0.031191548
-0.014987989
0.017309312
-0.020320276
0.08648391
0.07754961
0.12648936
0.14137885
0.10783901
0.117512435
0.10929803
0.08432779
-0.035952114
0.0442192
0.04460348
0.014462345
-0.020588312
-0.029717628
0.027681686
0.008291456
0.019626252
-0.005882485
0.41875955
0.29154205
0.3749722
0.4194485
0.13747792
0.15166824
0.2149774
0.23005503
0.18660073
0.22442631
0.14518814
0.07601132
0.110919
0.2354718
0.2140028
0.22261877
0.1093691
0.07664317
0.16522232
0.16622719
0.26205316
0.22147478
0.38539007
0.41532025
0.4344277
0.42045838
0.35398844
0.4660136
0.4826834
0.35591102
0.47566837
0.47607356
0.45407134
0.44624573
0.44768423
0.4765826
0.4072002
0.43118778
0.43770242
0.4762647
0.4783587
0.3353656
0.4545116
0.39464316
0.41537207
0.47264838
0.28467834
0.32300404
0.20688818
0.47872683
0.33970398
0.47623247
0.39379752
0.4824071
0.4773936
0.48186234
0.4828642
0.44869336
0.419637
0.3318537
0.4456101
0.35195008
0.43827248
0.47768432
0.25775555
0.49851206
0.3551253
0.4478192
0.47766802
0.47030458
0.4886412
0.43750834
0.4201985
0.4243074
0.45550495
0.49342212
0.41898236
0.40954736
0.49157742
0.43083748
0.4184045
0.46522087
0.3414649
0.39051235
0.4200558
0.89052904
0.92095107
0.81428415
0.46272
0.45694464
0.5006632
0.4201952
0.4828104
0.41624177
0.36158875
0.41828033
0.9935658
0.96258676
0.8188419
0.34998265
0.3558201
0.4742042
0.40806472
0.47846413
0.93973786
0.93059355
0.8162492
0.40038443
0.45686918
0.46690214
0.420422
0.98106277
0.9124331
0.8177861
0.17618157
0.41084966
0.1999548
0.3009035
0.47686303
0.8524861
0.9055951
0.8146409
0.5083745
0.49936694
0.48259947
0.42344484
0.46280473
0.4962981
0.46816692
0.41735837
0.47656
0.44248232
0.47770032
0.4220652
0.34454334
0.4257714
0.3659735
0.4193327
0.43806815
0.46172163
0.44508472
0.41780403
0.94348896
0.965904
0.81382567
0.32834554
0.4610175
0.3576545
0.41906732
0.45087704
0.4892522
0.49499872
0.42090824
0.44782728
0.4771788
0.4855998
0.42033142
0.33507025
0.44513837
0.34027654
0.41862503
