0.00042425527
-0.056563
0.043941528
0.072145194
0.05478157
0.045077585
0.04837117
-0.003905219
-0.019543381
0.0391683
0.055908233
0.018663788
0.073929794
0.023302844
0.08312841
0.042449057
0.024442993
0.044027522
0.04520996
0.044162586
0.05113103
0.073822245
0.04865735
0.05043513
0.05090618
0.013202633
-0.0033743305
0.03288179
0.03861084
0.019561281
0.043328177
0.051789895
0.049803928
0.112487584
0.059396114
0.030226294
-0.025050683
-0.041503888
-0.032824025
-0.090701625
-0.024397021
-0.027369693
-0.017485637
-0.004340873
-0.012692999
0.012700603
-0.041248977
0.03173324
-0.023423355
0.005928578
-0.010889095
0.04350671
0.015106589
-0.028709713
-0.014902259
0.008980502
0.018181035
0.04442088
0.007860737
-0.017457029
0.012221798
-0.008995313
-0.02417137
-0.011198716
-0.008112261
-0.011021125
0.03483496
0.022255417
-0.00048615434
-0.0016504356
-0.00195682
0.03322316
-0.005102122
-0.017472096
0.0027788056
-0.030511346
0.028292667
0.024078878
-0.040657055
-0.030069625
0.002312664
0.028906785
0.0072065974
0.016797505
0.006432464
0.019003972
-0.0034503983
0.015710257
0.0029127735
-0.02889899
-0.008844864
-0.02180816
0.0030793594
-0.068362854
-0.025364976
-0.010700071
0.019225629
0.016533742
-0.0084249955
0.027577303
-0.006374393
0.014357833
-0.015285989
-0.017342292
0.018095786
-0.017062774
0.011682706
0.0066970205
0.028467853
-0.00052303425
0.039116964
-0.019935653
-0.03836827
0.0384482
0.05728826
-0.006665496
0.002341539
0.012924452
-0.01298265
-0.0047026905
0.043968093
-0.0020721143
-0.013213255
-0.03699866
-0.014179425
0.006975067
-0.024007037
0.0086555965
-0.020103732
-0.007582707
0.009081721
0.017184317
-0.0013147051
-0.01968796
-0.03881706
0.024578055
-0.02083777
0.009020098
0.009059354
0.041400213
-0.0312862
-0.0018810949
0.014085776
-0.014782121
-0.006745277
-0.00825642
0.009400291
0.02122057
0.0014435769
0.011309691
0.025981031
0.008070116
-0.012190641
0.035702694
0.06424934
0.06807857
-0.0074326578
-0.05432375
0.016756682
-0.0030368161
-0.009177855
-0.0034154027
0.00061446556
0.014906139
-0.020448746
0.027003419
0.030782213
0.006690963
0.006183518
-0.014337947
0.0048969295
-0.017321926
0.017977111
-0.07484801
-0.011365937
0.016709749
-0.04312765
-0.021225408
0.0044788932
-0.038475383
0.020433554
-0.012499999
-0.006109256
-0.015360351
-0.07862643
-0.0031135164
-0.0406935
0.020780383
-0.012228946
-0.013174972
0.022837305
0.008794261
0.015170233
-0.038919866
-0.027342182
-0.015880536
-0.04495767
