-0.05274207
0.009354371
0.024106933
0.05977876
0.061288726
0.04176006
0.022347819
-0.025899602
0.0054283887
0.06981816
0.09496413
0.071583785
0.063988395
0.016186753
0.09295716
0.039449178
-0.008599302
0.03723476
0.012472609
0.021053953
0.042820387
0.121391684
0.10253937
0.060050942
0.009338356
-0.010083217
-0.014885822
0.031373136
0.0630155
0.038357306
0.034124095
0.023396485
0.030987434
0.04822499
0.07342217
0.011250252
0.0006552167
0.02649128
-0.0031259172
-0.08839782
-0.014427514
-0.04220579
-0.008948649
0.0012889961
-0.0751585
0.01365921
-0.024681993
-1.31289125e-05
-0.027233524
-0.014980952
-0.030652657
0.040248938
-0.023838893
-0.018431818
-0.0040782723
0.04409432
-0.015577401
0.029052926
-0.018582223
0.013927973
0.023137767
0.012084641
-0.017212164
0.02735435
-0.0006411865
-0.025133338
0.031550027
0.044816412
0.03546138
0.0195514
-0.00014304914
0.0135993725
-0.036724832
-0.024768109
0.0014856076
-0.007244652
0.050946422
0.0036204495
0.004534795
0.008616696
-0.02596429
0.02453479
0.039905768
0.014007776
-0.024605108
0.074689135
0.0037301644
0.0043178243
-0.042826593
0.007926174
0.0062810737
-0.04572233
0.019364165
-0.022150949
-0.017819028
0.009137608
0.0043659797
0.005286247
0.0065442203
0.03530484
-0.018621456
-0.004513988
-0.020184638
0.009420414
0.011318013
-0.034484133
0.0074907145
0.01825745
-0.017675685
0.043488406
0.0069954656
-0.015248978
-0.034563113
0.004694392
0.003376756
-0.007074757
-0.023856366
0.021798328
0.0176679
-0.037863046
0.068952374
-0.019121274
-0.02621686
-0.042270623
0.014738197
0.044642378
-0.0034073065
0.005973832
-0.0057937074
0.020693095
-0.031280935
0.029707273
-0.010911405
0.01361323
-0.09254487
0.01034207
0.0065780203
-0.00030600838
-0.0062112813
0.06892097
-0.003486472
0.005910697
0.029689804
0.013740752
0.003437982
-0.010039923
-0.045350347
-0.04186336
-0.03203845
0.052398667
-0.05741297
-0.0061039166
-0.0076279305
0.01605879
0.06076173
-0.016290326
-0.011368438
-0.017889803
-0.020854363
-0.027652135
0.003793085
0.011333201
-0.023285758
0.011674324
0.029808937
0.010904136
-0.0058339634
0.0046229847
-0.003598357
0.015804797
-0.011281932
-0.03736087
-0.05578845
-0.06957239
-0.012571763
0.0037279504
-0.009920507
-0.0019223362
0.030957634
0.011331852
0.03549502
0.045713916
-0.0030761443
0.041158736
-0.06097569
0.0123256305
-0.009059496
0.034298334
0.0154800275
0.020885687
0.01261601
0.02352548
0.013613761
-0.06954051
-0.021850629
-0.026937
-0.067272946
