-0.04213094
-0.020223062
-0.013836444
0.04623791
0.021734782
-0.0021238336
0.0021505542
-0.1216294
-0.029085366
0.054189257
-0.0033641977
0.010253419
0.03164584
0.008706588
0.020778403
0.013957529
-0.046931073
0.009947612
-0.045991782
-0.027857669
-0.00044039724
0.016961394
0.036954768
0.012640236
0.001398028
-0.0077448515
0.042090897
-0.023246048
0.024056142
0.017776452
0.025367105
0.0008345747
-0.029040918
0.03704741
0.031887084
-0.023686554
-0.06410867
-0.062587455
-0.023433117
-0.23419817
-0.022391004
-0.06389595
-0.021622177
-0.015889183
-0.042058706
-0.08641088
-0.038250398
-0.006114078
-0.017112464
-0.013589399
-0.0223125
-0.062876746
-0.0059042694
-0.013280328
0.0024862702
-0.036275983
-0.01080371
-0.07102258
-0.02272344
-0.006791912
0.017337345
-0.11697091
-0.022287315
0.003304624
0.019622605
-0.019865798
-0.076915495
-0.041215558
-0.037417926
0.0021663827
-0.040789966
-0.12016551
-0.029312449
-0.009547869
-0.022997027
-0.026564451
-0.07012319
0.0448435
-0.011001107
0.01486114
-0.12557003
-0.01926662
0.03037477
0.015087557
-0.0091827875
-0.043250125
-0.023239803
0.011809488
-0.009544343
-0.047928676
-0.07310249
-0.039003596
0.016395863
-0.04656792
-0.1501647
-0.08115497
-0.024874931
-0.031094851
0.0055335057
-0.0800604
-0.045450263
-0.0041249376
-0.049691577
-0.015349061
-0.09693084
-0.011751072
-0.0092451265
-0.04197016
-0.08545977
-0.0038241327
-0.004191332
0.00035192005
-0.15993632
-0.026439233
-0.012320275
-0.008130079
-0.119211555
0.01744532
-0.019245334
-0.017442657
-0.026150368
-0.011305449
-0.010302994
-0.14910588
-0.008006819
-0.031174704
-0.017827775
-0.097213015
0.008164427
-0.010705656
-0.0196035
-0.09009859
-0.010037612
-0.028652191
-0.16630322
0.015444762
0.011961168
0.015929934
0.010193389
-0.036987584
-0.008099566
0.01397205
-0.092619
-0.008689293
-0.05228096
0.039384566
-0.12794125
0.013241918
-0.0070983325
-0.07908628
-0.086844765
-0.0041796374
0.0004695714
-0.014299057
-0.0056635197
0.014709181
-0.039102007
-0.12683666
0.030518139
-0.024801569
-0.04226594
-0.10714077
0.021314235
-0.026521206
-0.011767727
-0.09002932
-0.034633543
-0.0017822459
-0.046247568
-0.022647982
-0.06814458
-0.020233383
-0.03150191
-0.17624961
-0.032061175
-0.0007039729
0.009526275
-0.103069715
-0.005820863
0.027215919
-0.10933842
-0.026472302
-0.027787913
-0.029576628
-0.19567755
-0.020438515
-0.033621844
-0.016588472
-0.11177829
0.0074496986
-0.008316205
-0.027238986
-0.08019642
0.004796862
-0.028358478
-0.04199792
-0.17316388
