-0.11284121
-0.16581693
-0.18994047
-0.09752865
-0.18493636
-0.19847235
-0.21194313
-0.1604488
-0.1090862
-0.1045913
-0.17817736
-0.17863467
-0.11968823
-0.10097215
-0.26994938
-0.21982098
-0.13818812
-0.13786703
-0.13527247
-0.15532605
0.09535505
-0.2412947
-0.21856143
-0.24636862
-0.187807
-0.10588656
-0.10059544
-0.14648664
-0.09979946
-0.09975261
-0.08530061
-0.26359499
-0.04312783
-0.12059028
-0.062217247
-0.17437625
0.10736478
0.08688111
0.58844215
-0.16070691
-0.031915557
-0.021050494
0.048099503
0.0875232
0.04258104
-0.14624104
-0.019450199
-0.08927527
-0.106780894
-0.2066812
-0.068059325
-0.12791474
-0.06478393
-0.060995992
-0.007505614
0.022011602
0.07824427
-0.1688946
-0.33295408
-0.13867316
0.5717047
-0.20439003
-0.028936295
-0.12399878
0.067602836
0.07021943
0.05455858
-0.15238042
-0.13710368
-0.10682255
-0.15158997
-0.22339669
-0.10835054
-0.05334041
-0.10739821
-0.05853289
-0.05471422
0.26879555
0.14606655
0.96911585
0.34125465
0.34566757
-0.046737153
-0.37110648
-0.20963836
0.5117466
-0.14926888
-0.036136985
-0.20441666
-0.15906566
-0.16995186
-0.117840335
0.23850204
-0.15242699
-0.22799347
-0.15345122
-0.14847957
-0.13749677
-0.09581401
-0.1148887
-0.24390455
-0.1338151
-0.10851069
-0.09605181
-0.1570526
-0.12230674
0.3043705
-0.2834967
-0.18880393
-0.102210626
0.11807171
0.71667594
-0.2615724
-0.068168014
0.20018318
-0.4205144
-0.6119439
0.06664231
0.22479962
0.19929677
-0.014834789
0.10447544
-0.110916734
0.25934717
0.44284484
-0.0627868
0.82639253
0.3391792
0.027481452
0.13145263
-0.10744461
-0.18177526
-0.036966007
-0.012253603
0.055407602
-0.124821745
-0.14948232
-0.16746616
-0.14934728
-0.1945498
-0.057581455
0.0031554806
0.030619137
-0.04682528
0.22534713
0.08487037
-0.20300482
-0.010227574
-0.07101776
0.050783597
-0.20973761
-0.15743592
-0.1855266
-0.46165776
-0.1326336
0.11440625
-0.06421593
-0.004750339
-0.22486135
-0.031581715
0.14231713
-0.21616393
-0.2541628
-0.4034435
-0.042072136
-0.20780927
-0.2807535
0.23134851
-0.22325058
-0.20977293
0.009577074
0.19317903
0.20033903
-0.18546127
0.01263919
0.14786236
0.083477765
-0.17530125
-0.062967494
0.3518936
0.40771854
-0.030314984
0.23581015
0.17849253
-0.16998167
-0.22179332
-0.40097252
0.10075866
-0.18903589
-0.20819464
-0.05630465
-0.16407946
-0.2296303
-0.011344584
0.20408055
0.18654983
-0.18864624
