-0.17114806
-0.170622
-0.1515324
-0.31284758
-0.19344789
-0.20063277
-0.20505702
-0.14662442
-0.22003172
-0.33859888
-0.21101187
-0.1989364
-0.18872224
-0.15393844
-0.18975547
-0.10506955
-0.16626737
-0.17253448
-0.15331456
-0.15681273
-0.27952954
-0.2110469
-0.17824182
-0.21005605
-0.22076967
-0.16728534
-0.1720732
-0.16342585
-0.19346213
-0.19016439
-0.21171446
-0.12522952
-0.21442801
-0.24199963
-0.20487633
-0.14524747
-0.1589287
-0.106118955
-0.06310614
-0.474162
-0.14045787
-0.18323176
-0.12065634
-0.09404263
-0.11235096
-0.40565613
-0.13755164
-0.12293269
-0.045195833
-0.12616809
-0.10292325
-0.38106367
-0.16643812
-0.12319519
-0.07992161
-0.11128918
-0.109939896
-0.41998595
-0.08401396
-0.047382504
-0.05994554
-0.43575507
-0.15061805
-0.22551969
-0.13392778
-0.10574717
-0.21526624
-0.11574817
-0.18625034
-0.2054062
-0.19483231
-0.21297893
-0.095567554
-0.07110566
-0.20263737
-0.094267696
-0.19922657
-0.0890605
-0.0075116763
-0.11233798
-0.28290692
-0.10361723
-0.19289201
-0.3055977
-0.20890442
-0.17147538
-0.19735622
-0.25087368
-0.21791394
-0.12000408
-0.20880277
-0.06277504
-0.036819138
-0.025119709
-0.38980117
-0.114421
-0.25508684
-0.17680621
-0.13561831
-0.26094174
-0.14446291
-0.13141413
-0.18453029
-0.25676122
-0.21893315
-0.10101427
-0.07909307
-0.044480674
-0.3478579
-0.040138345
-0.006644451
0.027068142
-0.427237
-0.099581644
-0.035376254
-0.089221984
-0.39709637
-0.005439024
-0.019712696
-0.046695545
-0.3003556
0.08725109
-0.14923546
-0.032589514
-0.1608217
-0.014097775
-0.12899773
-0.29879618
-0.046167534
-0.06811826
-0.025531365
-0.20729764
0.007472832
-0.1018597
-0.037383754
-0.18130761
-0.10246972
-0.1792788
-0.1910317
-0.23439558
0.2900242
-0.05233001
-0.09728163
-0.08846399
-0.05130291
-0.017550396
-0.2730801
0.45162216
-0.17100205
-0.014581068
-0.074814126
-0.12039494
-0.091240086
-0.18306844
-0.18541001
0.06639515
-0.13790272
-0.2802587
-0.025749166
-0.06703588
-0.050513856
-0.32264408
0.0017935265
-0.009968036
-0.089589745
-0.3495347
-0.028929057
0.006731901
-0.05491384
-0.3805993
-0.074439086
-0.056918707
-0.066285424
-0.32071075
-0.10243341
-0.07942759
-0.05042381
-0.34292263
-0.036584273
0.04769973
-0.02656574
-0.11425597
-0.08504263
-0.0783392
-0.33258197
-0.10541379
0.0051295683
-0.0014480167
-0.39282116
-0.019380938
0.00904197
-0.008438373
-0.2557757
-0.13266106
-0.14038897
-0.08056984
-0.37336242
