0.53389925
0.4891955
0.7631571
0.74752295
0.7291735
0.66749257
0.7225843
0.53676033
0.29722998
0.5726156
0.50608295
0.50297177
0.532508
0.4612149
0.5417345
0.44499734
0.4952305
0.42563304
0.5234528
0.5738213
0.73429257
0.7605709
0.6705611
0.71256053
0.63949305
0.61506647
0.35204822
0.57944983
0.58655363
0.5014585
0.43110123
0.39412436
0.538865
0.48762682
0.46302402
0.386557
0.7460176
0.5483763
0.74953735
0.958344
0.5241094
0.5413433
0.726799
0.80285174
0.6130789
0.8675425
0.5747245
0.5530676
0.621052
0.82840705
0.7690338
0.8701695
0.4565181
0.5326943
0.6989047
0.64111334
0.9315927
0.8668812
0.71524674
0.7879614
0.8388461
0.955342
0.68096644
1.0254898
1.0382187
0.75139827
1.251293
0.81271255
0.88447654
0.9986262
0.9731771
1.2513956
0.76257277
0.904596
0.91837585
0.9881184
1.2505625
0.68984103
1.0165913
0.7937297
0.95389444
0.78281
0.43451732
0.75621116
0.44034812
1.2523365
0.6669915
1.0496794
0.7773442
1.0004026
1.2525622
0.8459289
1.0354497
0.93260896
0.95645434
0.5992541
0.9792015
0.7361651
0.9237647
1.2510873
0.5714395
1.0332688
0.7513347
0.916192
1.2493613
0.793721
1.0605568
0.9099035
0.9522807
0.74203825
0.8575549
1.0576553
0.9581397
0.72328556
1.0738906
0.8346073
0.95461994
0.8119412
0.7833035
0.8848629
0.9556493
0.5032925
0.6377605
1.1864668
0.8650586
1.0223994
1.033996
0.9546211
0.9261812
0.90287197
0.7993379
0.95439637
0.5119064
0.67080015
1.1876221
0.7840861
0.786756
0.9863207
0.8357402
1.2493628
0.5624768
0.6865223
1.1904937
0.6550124
0.94389397
0.9743973
0.95251817
0.5311014
0.66425914
1.187955
0.5353678
0.8449535
0.5373677
0.7281062
1.2496232
0.4568148
0.6091806
1.1872263
0.8205668
1.015925
1.0165575
0.9531537
1.0202702
1.0360385
1.0206966
0.9516372
0.7945895
0.9412063
1.0107259
0.9563943
0.64731085
0.90156716
0.69686294
0.9531514
0.78852546
0.98907346
0.90337527
0.9529836
0.6750316
0.6674734
1.1897789
0.6546127
0.96374136
0.7324223
0.9537215
0.8122543
1.0125749
1.0280955
0.9538663
0.96729743
1.0188222
0.99037206
0.95625687
0.6260489
0.90653414
0.6917177
0.95213
