-0.22128618
-0.21968777
-0.22351442
-0.05586434
-0.16401307
-0.24285153
-0.15959263
-0.24032976
-0.09060735
-0.06727345
-0.093939796
-0.12547055
-0.088281624
-0.116142765
-0.08666052
-0.11760012
-0.16497518
-0.13352306
-0.17603676
-0.16104726
-0.06508452
-0.06843073
-0.20014583
-0.106780134
-0.19650142
-0.18921728
-0.11978616
-0.083275765
-0.045622535
-0.19866413
-0.16361168
-0.16332263
-0.18583688
-0.100296006
-0.093912795
-0.089722
-0.16794345
-0.043078654
-0.087125085
-0.3251983
-0.055054605
-0.1034022
-0.13570282
-0.04843152
-0.07019273
-0.32533914
-0.07741394
-0.084140144
-0.08340644
-0.033497762
-0.07051146
-0.354591
-0.16954482
-0.12172756
-0.045971896
-0.09420365
-0.05406156
-0.35385442
-0.10841647
-0.096335866
-0.07779786
-0.47597983
-0.28749114
-0.14044692
-0.124271095
-0.21762809
-0.09636815
-0.28482223
-0.21329133
-0.17770796
-0.24599299
-0.11702973
-0.24941786
-0.2634256
-0.26005888
-0.19186687
-0.18930629
-0.10796484
0.07306505
-0.11243628
-0.3378626
-0.26360735
-0.40796193
-0.24411502
-0.35091496
-0.063966356
-0.2930111
-0.20952752
-0.3107956
-0.32596257
-0.1455176
-0.01364477
0.029383937
0.01697227
-0.46790016
-0.35402933
-0.19420668
-0.27971894
-0.17156486
-0.105034344
-0.24178624
-0.20377019
-0.22710505
-0.23122582
-0.07616887
-0.0887378
-0.07054238
-0.05664234
-0.379195
-0.07419191
-0.02860677
0.04211524
-0.5150809
-0.0921007
0.07003893
-0.10312768
-0.44194087
-0.049442947
-0.015152855
-0.025192115
-0.37075695
-0.13708322
-0.30522555
-0.047010936
-0.09800542
0.05848333
-0.106543764
-0.31797418
-0.040294547
-0.004667388
-0.06907059
-0.3683597
-0.27609918
-0.22807296
-0.04580392
-0.18873112
-0.26045182
-0.19243956
-0.2954016
-0.09928319
-0.015716016
-0.29432797
-0.073532194
-0.25692904
-0.17922781
-0.07883834
-0.3841439
-0.15610042
-0.2564175
-0.05686239
-0.29317337
-0.28180873
-0.32013863
-0.27085638
-0.14207387
-0.22105452
-0.30676585
-0.15190104
-0.05920737
-0.06700556
-0.021819994
-0.3860607
0.0074405596
-0.0027004709
-0.043654934
-0.41956773
-0.059106212
-0.028603708
-0.08300805
-0.44981351
-0.074870475
-0.09453321
-0.11678808
-0.37124115
-0.016293645
-0.04744212
-0.08423139
-0.43416882
-0.23858032
-0.10685488
-0.122348264
-0.11262582
-0.1088574
-0.068118356
-0.38199016
-0.118150294
-0.010190026
-0.039238993
-0.4029545
-0.053291064
-0.007170075
-0.07980949
-0.4326072
-0.038557667
-0.13067468
-0.14735365
-0.32990533
