-0.21773054
-0.27435628
-0.18686613
-0.08339769
-0.1814568
-0.14581111
-0.21645948
-0.11992479
-0.1708405
0.0028191323
-0.06569482
-0.13746503
-0.1684473
-0.05659498
-0.11572029
-0.11590371
-0.17256057
-0.1235956
-0.18401384
-0.28582457
0.09380134
-0.19410144
-0.16217324
-0.08897887
-0.1562883
-0.22995652
-0.22351466
-0.12020182
-0.04957487
-0.095704
-0.18936583
-0.32660058
-0.039980084
-0.06914919
-0.009271048
-0.19810295
-0.023462385
-0.06038011
0.315354
-0.16618335
-0.018517314
-0.10557644
-0.028195312
-0.005076841
-0.052608553
-0.15917505
-0.05480957
-0.15789655
-0.10625784
-0.14357089
-0.07111199
-0.12403097
-0.12742154
-0.14193428
-0.08617463
-0.06847289
-0.013078497
-0.17790821
-0.06926335
0.13728902
0.31957707
-0.17642824
-0.3681352
-0.16266656
0.07959016
0.039584063
0.0824168
-0.2547277
-0.19801913
-0.17468351
-0.12186522
-0.17232254
-0.23815273
-0.06744626
-0.104994595
-0.20602813
-0.0769453
-0.19263615
0.113505155
0.3348334
0.35761026
-0.24305451
-0.3764406
-0.30921754
-0.29164585
0.49581084
-0.45066738
-0.12014711
-0.18519367
-0.24076861
-0.15190355
-0.09399516
0.116148636
0.06453025
-0.23052692
-0.4285193
-0.09618799
-0.16569501
-0.109047845
-0.08602669
-0.41251767
-0.2592723
-0.1083078
-0.11475001
-0.04836603
-0.10611609
0.19702315
-0.1258132
-0.18368588
0.1019433
0.29386392
0.48591846
-0.29567474
-0.16402756
0.13133384
-0.45336923
-0.63536376
-0.063325636
0.14034756
0.0004848835
-0.014885545
-0.19317417
-0.22367074
0.2023858
0.09625821
-0.0050557987
0.28085235
0.34969762
-0.023250477
0.029809818
-0.06728082
-0.2111155
-0.24973267
-0.08156495
0.0531293
-0.114291355
-0.12139832
-0.14713047
-0.19340432
-0.15332428
-0.3518658
-0.1357396
0.013339633
-0.12491636
0.10162419
0.13999812
-0.20327824
-0.16711909
-0.13424452
0.0031574497
-0.25445494
-0.2603617
-0.351753
-0.2881333
-0.0773799
-0.10406521
-0.18976624
0.0023286096
-0.04503438
0.024854593
0.075638205
-0.20940217
-0.048156574
-0.16956301
-0.012037325
-0.19032328
-0.102857314
0.107603505
0.001861176
-0.21353391
-0.089704804
0.035914578
0.08900836
-0.17973012
-0.073440395
0.030180342
-0.0035020388
-0.16588725
-0.10605688
0.0063315
0.17766331
-0.08078046
0.068562925
0.06397391
-0.1612318
-0.08805505
0.04135498
0.010980746
-0.17838404
0.050358586
-0.087842345
0.0467502
-0.22820474
-0.110270225
-0.043735
-0.0009161337
-0.17811522
