-0.045942333
-0.1260611
-0.03298406
-0.012667196
-0.011578798
-0.051044248
-0.082876384
-0.020190476
-0.019581331
0.057376094
-0.038148273
-0.04217959
-0.031922415
-0.055626985
0.021255912
-0.044190623
-0.03634242
-0.00504661
-0.010195373
-0.082743235
-0.018143622
-0.005869159
-0.09689164
-0.009557824
-0.08199838
-0.0747347
0.0077011976
0.004439904
0.02855742
0.005647768
0.025149282
-0.028794926
0.016797692
0.016782196
-0.0149175115
-0.057832837
-0.17179638
-0.0853377
-0.08565134
-0.12397648
-0.116020046
-0.030610235
-0.11418728
-0.037449755
-0.0966056
-0.109848894
-0.013963114
0.02963732
0.00944946
0.0042013065
0.008384748
-0.0355479
-0.08577329
-0.053412814
-0.042247802
-0.05589903
0.01010544
-0.0476135
-0.040401313
0.02352734
-0.10912971
-0.22785044
-0.24121773
-0.24242194
-0.08485992
-0.066745095
-0.04883431
-0.05721913
-0.057403248
-0.21642177
-0.16374665
0.019137805
-0.14717944
-0.082963064
-0.14203008
0.030438218
-0.031069888
-0.08818385
0.008129388
-0.0036445828
-0.3660957
-0.15222627
-0.2567801
-0.16186585
-0.3510854
-0.04604591
-0.21943124
-0.20132177
-0.2876319
-0.23469268
0.009618167
-0.051920906
-0.02327891
0.027016914
-0.23657039
-0.23728728
-0.137595
-0.14323159
-0.14924459
-0.008189774
-0.14977542
-0.24550502
-0.19557054
-0.25139338
-0.024918608
-0.0125594335
0.027904222
-0.004081603
-0.13519122
-0.01654581
0.0023283332
0.010038925
-0.27910367
-0.052928764
-0.045758743
-0.122026265
-0.20745417
0.09778879
0.034522608
0.07438458
-0.1639315
-0.061835878
-0.29548615
-0.167381
0.10876528
0.017186787
0.06962683
-0.35909545
0.03189465
0.012954803
-0.041745454
-0.15837474
-0.07780777
-0.19968593
-0.025992148
-0.1663096
-0.060271278
-0.044943634
-0.21208374
-0.03338563
0.14907333
-0.21395881
-0.0427019
-0.19975561
-0.1592771
-0.050636884
-0.19390494
0.18235348
-0.18812624
-0.07970406
-0.015280338
-0.101994954
-0.21116012
-0.1671205
0.013616194
-0.040416587
-0.35487756
-0.13251612
0.06538815
0.015711218
0.04451835
-0.15849051
0.020193212
-0.022619547
-0.055779573
-0.21783821
-0.019249713
-0.0116912555
0.0032572718
-0.20126851
-0.08229403
-0.18826099
-0.11270276
-0.17654513
-0.023223627
0.0067016226
-0.06425864
-0.1633352
-0.08260087
-0.060544416
-0.1039398
-0.12151402
-0.13136594
-0.059125844
-0.16553064
0.010298446
0.037324034
0.0061067617
-0.1979066
-0.10397926
0.10017687
-0.10924199
-0.18840772
-0.19606344
-0.19059062
-0.063892804
-0.07424844
