-0.28185567
-0.2105947
-0.2579041
-0.20760621
-0.2322877
-0.15555607
-0.13082202
-0.32748675
-0.2884898
-0.1968709
-0.13139391
-0.30409333
-0.24919915
-0.25110644
-0.09718616
-0.26611835
-0.23066503
-0.3549535
-0.3327111
-0.33124098
-0.09732641
-0.081608966
-0.17544934
-0.19504586
-0.17880738
-0.33419433
-0.24992986
-0.21144031
-0.08336654
-0.29498398
-0.23284294
-0.35916594
-0.27196386
-0.21154192
-0.31608826
-0.2974615
-0.056987192
-0.17421356
-0.04937984
-0.35839394
-0.1191725
-0.1390834
-0.098074816
-0.051990286
-0.21847817
-0.36049208
-0.19861402
-0.18769242
-0.15038128
-0.028280586
-0.15389757
-0.27992636
-0.18029556
-0.15811482
-0.08572367
-0.19042344
-0.101006694
-0.37837562
-0.16123603
-0.127075
-0.038534407
-0.33725855
-0.37403792
-0.19103922
-0.11970433
-0.3009726
-0.018172594
-0.3862033
-0.40646666
-0.28507993
-0.39601958
-0.117121845
-0.43578124
-0.39373037
-0.3522885
-0.38151783
-0.0722745
-0.08008975
0.1579376
-0.19812015
-0.19588363
-0.30022952
-0.30998844
-0.34537148
-0.35874012
-0.025319085
-0.42606127
-0.25284174
-0.45821953
-0.24891841
-0.15514347
-0.03460776
-0.0071424665
-0.07230178
-0.30330986
-0.3954505
-0.19096212
-0.30880737
-0.16639717
-0.08092367
-0.4557308
-0.24497312
-0.43295583
-0.3412911
-0.07571199
-0.078094505
-0.057375196
-0.026191205
-0.34120473
-0.09522659
-0.04006518
0.119543016
-0.30665746
-0.11196669
0.050396018
-0.050476298
-0.28839746
0.008516496
-0.05825048
-0.077088505
-0.20871758
-0.3531124
-0.2984558
-0.031946056
-0.20624743
0.10827063
-0.11531137
-0.19616228
-0.13011582
-0.10516824
0.0172013
-0.26755556
-0.419331
-0.28175792
-0.013665175
-0.25777265
-0.23036593
-0.18753825
-0.3680395
-0.10093058
-0.28368902
-0.34851274
-0.04693794
-0.118468635
0.005989711
-0.021318823
-0.47265187
-0.61614054
-0.31686112
-0.2770391
-0.32202178
-0.3312795
-0.31199148
-0.38066438
-0.095642075
-0.4295484
-0.29211527
-0.059002034
0.014514835
0.0004903309
0.030455438
-0.3205172
0.012566241
0.003680716
0.014973558
-0.27460662
-0.034415193
-0.019664155
-0.04268467
-0.34982705
-0.1308754
-0.09248987
-0.10312873
-0.39442113
-0.11214977
-0.024660747
-0.10348724
-0.34877983
-0.36240554
-0.22988768
-0.042073734
-0.10765772
-0.040251426
-0.08445262
-0.39491922
-0.10404942
-0.052663196
-0.05448419
-0.28471896
-0.051372662
0.13908407
-0.036813382
-0.31392616
-0.12009712
-0.0824907
-0.008670857
-0.40663368
