-0.013234796
-0.10818534
-0.014322994
-0.010661721
-0.012693843
-0.0023239406
-0.038410462
-0.010534324
5.0489107e-05
0.014979813
-0.010386595
0.004935342
-0.072286
0.0021721316
0.007967067
-0.013190939
0.00043222585
-0.01146842
-0.052139625
-0.07235191
-0.033498727
-0.0075284704
-0.013900376
-0.028099759
-0.028127259
-0.08560505
-0.0420615
-0.047657702
-0.001948017
-0.0155671295
-0.04111271
-0.019023873
-0.004384897
-0.0115923695
-0.001264359
-0.074485786
-0.05675148
-0.06600103
-0.053263605
-0.16196659
-0.044122145
-0.063828416
-0.043005705
-0.040375113
-0.04294362
-0.10815043
-0.03190915
-0.061836828
-0.03973199
-0.025829187
-0.02551384
-0.08249222
-0.055365767
-0.052102145
-0.052654084
-0.03928286
-0.035467144
-0.09448537
-0.036325753
-0.051191095
-0.043026153
-0.14071864
-0.05049663
-0.07378161
-0.038106836
-0.032069083
-0.110624045
-0.06113588
-0.05610652
-0.04387818
-0.061782718
-0.12505619
-0.0385857
-0.03536594
-0.06892557
-0.02861337
-0.098918915
-0.013541883
-0.029141087
0.012684465
-0.05899577
-0.044029552
-0.03670558
-0.097212456
0.0029793475
-0.1259037
-0.08114247
-0.06351406
-0.06529818
-0.07058228
-0.13170041
-0.053137835
-0.03906278
-0.053322382
-0.15905164
-0.060649842
-0.05134834
-0.02914828
-0.031829722
-0.103265285
-0.065940864
-0.058517337
-0.058381222
-0.074028194
-0.109864965
-0.035270177
-0.038094066
-0.03833641
-0.142152
-0.057646144
-0.059238717
-0.030244675
-0.16754042
-0.05358951
-0.041002233
-0.06780469
-0.15353703
-0.03452814
-0.088724725
-0.08966229
-0.121759206
0.0086510945
-0.02936731
-0.13612747
0.01619458
-0.02701346
0.0222687
-0.05513909
-0.03891169
-0.039446212
-0.080358185
-0.13512747
0.010134342
-0.0061334637
-0.13033363
-0.040091366
-0.077289864
-0.06810873
-0.06548097
-0.099244565
0.06141079
-0.014767772
-0.11416887
-0.06950627
-0.041482173
-0.050824698
-0.15490435
0.119396575
-0.03040478
-0.1289036
-0.05094896
-0.047194712
-0.048591085
-0.08324602
-0.095619895
-0.017349157
-0.03256563
-0.14791918
-0.029167047
-0.03833515
-0.044166557
-0.13621697
-0.043875206
-0.049031027
-0.03422984
-0.14382678
-0.050387528
-0.051080585
-0.04174078
-0.12540065
-0.055654176
-0.04346899
-0.039160658
-0.1587301
-0.050636973
-0.032165654
-0.04444172
-0.14651856
-0.027434733
0.016320052
-0.12535678
-0.05512671
-0.047484376
-0.04018026
-0.15812415
-0.038652543
-0.03157961
-0.032772418
-0.13387115
-0.04958748
-0.044093523
-0.063673854
-0.15204792
-0.059420288
-0.043558273
-0.0510669
-0.15834805
