1.0153138e-08
0.0
-0.00013318563
-0.0149800265
0.00048386957
-4.3584143e-05
0.00095039577
7.560262e-07
1.0153138e-08
-0.041959107
-0.002583855
-4.1521776e-05
-0.00040099095
0.00054599455
0.002528152
9.136965e-05
1.0424856e-06
-0.0011078169
1.0153138e-08
0.0
0.028260702
-0.0012739148
-0.0021887352
-0.0007443284
0.0010712212
-9.093152e-09
0.0
0.0005896753
-0.002927249
-4.2227202e-05
-0.00048397362
-0.0006756349
0.0020182084
0.00014687233
-0.0008924742
-9.093152e-09
-1.0153138e-08
0.0
-8.718573e-07
0.26584008
1.0153138e-08
0.0
-3.9796087e-05
0.00068114867
1.3410772e-06
0.06270939
1.0153138e-08
-4.3260512e-05
0.0006811467
0.00014236553
-9.596898e-07
0.056423686
0.0
4.6173038e-05
0.0006805728
9.023415e-07
1.136594e-08
0.081581876
1.0153138e-08
0.0
0.00056798797
0.24927802
0.0
-0.000826094
-0.0008101314
-9.692868e-07
0.27173212
-1.0153138e-08
0.0
-0.00048354763
-0.0005273757
0.3307203
-1.0153138e-08
0.00054566027
-4.717145e-05
9.093152e-09
0.2107328
0.0
0.09850856
1.2753161e-06
-0.09813823
1.0153138e-08
0.0
-0.0018487968
-9.093152e-09
0.45094946
0.0
-0.0004008309
-7.39833e-07
9.093152e-09
0.41531447
1.0153138e-08
0.0010372045
1.3271557e-06
0.25808707
0.0
0.00011531462
1.2727554e-06
-0.0009651712
0.40526396
0.0
-4.1096537e-05
8.596226e-07
0.0010314502
0.415502
1.0153138e-08
0.0004873395
0.0006784554
0.023787303
1.0153138e-08
0.0
0.00087905535
0.27101862
0.0
0.005232788
1.3069608e-06
0.33938348
1.0153138e-08
-0.0019063668
1.136594e-08
0.22209729
0.0
-0.00053712004
0.39853308
1.0153138e-08
0.09347081
4.6371722e-05
-0.09476297
0.0
-7.9797035e-05
9.0483045e-05
0.16135618
-1.0153138e-08
4.677951e-05
0.43717894
0.00018086506
-0.00067311287
0.00050413917
1.136594e-08
0.4066502
1.0153138e-08
0.00048824624
0.39515463
0.0
-0.000104038234
4.7758243e-05
0.34306362
1.0153138e-08
0.00643203
0.5571477
-0.0005628617
4.5219393e-05
-0.0006735276
0.00014584
0.36333185
0.0
1.136594e-08
0.20383695
1.0153138e-08
4.777038e-05
0.0008408276
0.25759792
0.0006358929
0.00067828764
0.0010375805
0.1416018
-1.0153138e-08
0.00090363156
-9.093152e-09
0.26031348
0.0
-3.9928662e-05
1.3231949e-06
0.27875274
1.0153138e-08
0.00062813476
0.0005513335
0.038028367
0.00084692676
1.136594e-08
0.51826227
0.0
4.6596964e-05
1.363419e-06
0.27837425
-1.0153138e-08
0.00067833636
0.0012531457
0.10970443
0.0006001468
0.0010340759
-1.136594e-08
0.26823568
0.0
4.6842964e-05
1.2828141e-06
0.27282405
