0.0
0.0
1.7760003e-08
0.15635607
0.0
-2.35286e-08
1.1962136e-05
8.096654e-09
0.0
0.09354256
0.00029004118
0.0
0.0
8.0955874e-07
1.0130657e-05
6.729906e-07
1.9464343e-09
1.421938e-07
0.0
0.0
0.12247123
0.00038431678
1.2728883e-05
9.731534e-06
4.54384e-06
0.0
0.0
-1.0052641e-08
0.00026524827
0.0
0.0
-7.3411036e-07
3.7089237e-06
2.4901844e-06
9.702691e-06
0.0
0.0
0.0
1.6834868e-08
0.5270649
0.0
0.0
0.0
7.810047e-07
1.6834868e-08
0.60994744
0.0
0.0
8.697416e-07
3.249859e-06
1.6834868e-08
0.6596886
0.0
0.0
8.7191427e-07
1.6834868e-08
0.0
0.6054089
0.0
0.0
6.9711855e-06
0.6494765
0.0
2.4918636e-05
9.81016e-06
3.8185948e-09
0.68414676
0.0
0.0
0.0
2.0660012e-08
0.7119844
0.0
8.1648284e-07
3.515891e-06
0.0
0.7132203
0.0
0.22291294
1.6834868e-08
0.7375057
0.0
0.0
2.5107012e-05
0.0
0.7331983
0.0
0.0
2.7962901e-10
0.0
0.7013582
0.0
1.9432724e-05
1.4566117e-08
0.6543138
0.0
1.8179956e-06
3.1996232e-09
2.0992861e-06
0.7135614
0.0
0.0
1.6834868e-08
7.007739e-06
0.652586
0.0
0.0
8.6673015e-07
0.6530628
0.0
0.0
1.9531852e-05
0.6581415
0.0
0.0004300115
-4.557686e-09
0.3664157
0.0
2.2742273e-05
0.0
0.72191995
0.0
2.4178156e-08
0.6575689
0.0
0.22451696
0.0
0.7374969
0.0
1.9698629e-08
9.584362e-07
0.6964209
0.0
0.0
0.5961177
1.7837397e-08
8.2769185e-07
6.575073e-06
0.0
0.66440815
0.0
0.0
0.71328187
0.0
2.4178156e-08
0.0
0.63494486
0.0
0.00050656544
0.7554803
1.877829e-08
0.0
8.485703e-07
2.7942353e-06
0.7016634
0.0
0.0
0.6046701
0.0
0.0
6.940902e-06
0.6512807
1.9678538e-08
8.690641e-07
1.9009109e-05
0.66519445
0.0
7.012424e-06
0.0
0.6496967
0.0
0.0
1.6834868e-08
0.5698192
0.0
2.1364757e-08
8.638265e-07
0.64205533
2.0700289e-05
0.0
0.6584102
0.0
0.0
1.6834868e-08
0.5673302
0.0
8.6446715e-07
6.904618e-06
0.6530534
1.829022e-08
1.8095374e-05
0.0
0.66622794
0.0
0.0
1.6834868e-08
0.5691559
