-0.02905799
-0.11593828
-0.0380172
-0.037385132
-0.03596979
-0.016280226
-0.04491313
-0.03278951
-0.019471854
-0.00059015356
-0.021959094
-0.01768559
-0.07361931
-0.0049084784
0.00062003994
-0.033320148
-0.011311852
-0.037447277
-0.07325808
-0.103189595
-0.055598646
-0.027770456
-0.034351803
-0.035121124
-0.03373868
-0.11789393
-0.070548564
-0.06238035
-0.013315945
-0.038290776
-0.06337363
-0.045284063
-0.01276521
-0.021979531
-0.020930583
-0.091252156
-0.075502105
-0.08915303
-0.070496954
-0.20123534
-0.06156788
-0.08386185
-0.06711738
-0.06307103
-0.06732356
-0.154113
-0.055751797
-0.080837764
-0.059106212
-0.04828126
-0.04612723
-0.12330878
-0.07930269
-0.07471999
-0.07351626
-0.053752106
-0.06221403
-0.1430083
-0.059434667
-0.06471739
-0.06340148
-0.18279426
-0.05211004
-0.097888716
-0.048082452
-0.034106303
-0.13107441
-0.08783791
-0.081276804
-0.079077885
-0.07986812
-0.1584973
-0.0591562
-0.0413485
-0.09470153
-0.03942574
-0.12373178
-0.015718725
-0.059251357
0.01860029
-0.07348837
-0.046665896
-0.039892774
-0.12936564
-0.016661242
-0.14563824
-0.11305547
-0.09812065
-0.098647416
-0.10472588
-0.1651137
-0.071352005
-0.06413218
-0.06766578
-0.19509912
-0.08961775
-0.07907582
-0.047124412
-0.05347173
-0.14128178
-0.097142786
-0.093469046
-0.085617565
-0.10917388
-0.14413773
-0.059098184
-0.05640493
-0.059196126
-0.18093434
-0.0678341
-0.07371644
-0.052518483
-0.19545758
-0.08195253
-0.05906262
-0.0834011
-0.18379669
-0.0546266
-0.11508888
-0.08309149
-0.15553106
0.022974264
-0.04667803
-0.15113671
0.016585344
-0.0504265
0.032032497
-0.06505848
-0.05560102
-0.04679863
-0.097506024
-0.16716382
0.0024556268
-0.018823382
-0.15341602
-0.06970745
-0.094984494
-0.10066925
-0.098320484
-0.14045453
0.09491642
-0.031117264
-0.12725283
-0.08684867
-0.064815916
-0.07398293
-0.18810625
0.22217669
-0.04853288
-0.100366704
-0.066977784
-0.06683968
-0.06320673
-0.12002836
-0.12517484
-0.009905741
-0.04955775
-0.17139688
-0.048677184
-0.05723501
-0.064173855
-0.17217384
-0.058901843
-0.06748827
-0.055589434
-0.17867151
-0.06711839
-0.073196344
-0.06100728
-0.17195898
-0.081680715
-0.06805823
-0.066415474
-0.19707268
-0.06709062
-0.056051962
-0.06652284
-0.18045409
-0.030926397
0.036711764
-0.143322
-0.08618311
-0.06992718
-0.06387557
-0.19526845
-0.05728746
-0.053748403
-0.054573145
-0.17723492
-0.06684861
-0.06428278
-0.08543412
-0.18156204
-0.09107206
-0.07249501
-0.07064276
-0.19954528
