-0.111364946
-0.1757049
-0.110641584
-0.09604077
-0.110619865
-0.090980485
-0.105887085
-0.10818293
-0.0917872
-0.034981452
-0.05739089
-0.07168685
-0.118437916
-0.07005242
-0.04586821
-0.11895112
-0.09045415
-0.12595749
-0.15161113
-0.16906855
-0.1048559
-0.074696176
-0.10235707
-0.10156892
-0.09810971
-0.2008977
-0.13729198
-0.12503034
-0.06692822
-0.12133471
-0.13696025
-0.14066339
-0.07343257
-0.09567394
-0.07882718
-0.1519409
-0.108121574
-0.111426145
-0.11143911
-0.29046452
-0.11114803
-0.121413216
-0.1105892
-0.10737272
-0.11070514
-0.2417891
-0.080232084
-0.11801329
-0.09033447
-0.09220172
-0.085240975
-0.1910266
-0.117730625
-0.118681625
-0.116617225
-0.1014285
-0.10704264
-0.23444586
-0.097729646
-0.11191181
-0.10481734
-0.25129834
-0.12781097
-0.15195765
-0.084795624
-0.071866624
-0.16209356
-0.16362515
-0.16225131
-0.15054072
-0.13561918
-0.19817138
-0.119270265
-0.084396325
-0.14265907
-0.10851185
-0.14995578
-0.040925223
-0.093319595
-0.019678708
-0.12415273
-0.09473933
-0.09723456
-0.18927737
-0.08418494
-0.15826388
-0.18668634
-0.16439229
-0.13625425
-0.16788736
-0.20778158
-0.096127175
-0.09857405
-0.097066075
-0.25715184
-0.15823723
-0.13854016
-0.114462614
-0.09748168
-0.17615636
-0.19163078
-0.168545
-0.16138403
-0.16531822
-0.19075382
-0.07936968
-0.09029679
-0.08160681
-0.22160953
-0.09791317
-0.10983542
-0.093673356
-0.28121942
-0.09629735
-0.08744421
-0.112354524
-0.23089147
-0.06913275
-0.14473683
-0.11313355
-0.19863768
-0.04788172
-0.12211958
-0.16265865
-0.0026563855
-0.074635975
-0.001983402
-0.10694786
-0.06764779
-0.077611
-0.1352643
-0.2128123
-0.07746979
-0.08643671
-0.17927592
-0.13717571
-0.15605424
-0.14306566
-0.1666462
-0.18660833
0.08021897
-0.08675104
-0.115257226
-0.100376874
-0.09931418
-0.102502294
-0.25497714
0.31214303
-0.09572837
-0.037351716
-0.14772561
-0.1331356
-0.11748695
-0.16494821
-0.16296749
-0.05975529
-0.15161444
-0.2036183
-0.06952388
-0.10177619
-0.0898209
-0.22430766
-0.08101469
-0.0932567
-0.078396894
-0.22409415
-0.09473513
-0.09185573
-0.09772587
-0.2221639
-0.10881184
-0.10332137
-0.10004233
-0.2598391
-0.094716094
-0.09028823
-0.08877874
-0.23774329
-0.06063135
-0.04128997
-0.1497896
-0.10334031
-0.10494433
-0.09614862
-0.2611925
-0.08985527
-0.09271677
-0.088146165
-0.22799213
-0.08540982
-0.07374905
-0.099569164
-0.23398986
-0.11064104
-0.102636226
-0.10176383
-0.26223782
