-0.28901115
-0.29073077
-0.30158675
-0.26537105
-0.30706626
-0.27781987
-0.28618467
-0.30519018
-0.25714815
-0.21908687
-0.26308998
-0.27375662
-0.30775383
-0.28411222
-0.26506534
-0.3449916
-0.28411865
-0.36267573
-0.30981228
-0.26545212
-0.25173837
-0.24267454
-0.26187792
-0.27479365
-0.28296295
-0.32362422
-0.29536805
-0.36009833
-0.30742958
-0.36861777
-0.39692357
-0.3998901
-0.31774473
-0.34657317
-0.32212403
-0.33996308
-0.0927022
-0.08071589
-0.0730215
-0.56755686
-0.14522882
-0.15327531
-0.17068337
-0.1504916
-0.16275692
-0.5399288
-0.15034601
-0.2142503
-0.1794237
-0.17299719
-0.15884815
-0.47536805
-0.1520002
-0.2022901
-0.1764735
-0.16345583
-0.14836852
-0.55175394
-0.07756897
-0.07352998
-0.06814091
-0.4679498
-0.31214735
-0.2874181
-0.24352078
-0.27244163
-0.24599826
-0.36808652
-0.36708078
-0.33776584
-0.32593453
-0.4222999
-0.34755927
-0.28865638
-0.30809978
-0.31918436
-0.29341552
-0.09349168
-0.07259125
-0.09586511
-0.21744363
-0.30723107
-0.30003333
-0.38609067
-0.30296475
-0.22505857
-0.39176822
-0.35333878
-0.37279418
-0.37428865
-0.4351005
-0.09671613
-0.09930948
-0.09271747
-0.47046053
-0.35377884
-0.30358112
-0.32841757
-0.29342332
-0.31400603
-0.33846545
-0.33287308
-0.3192704
-0.30504867
-0.29840085
-0.10559821
-0.11127051
-0.07860107
-0.51768017
-0.06785389
-0.047926184
-0.03887206
-0.5042299
-0.06571012
-0.08502055
-0.1100948
-0.37292373
-0.11688121
-0.17271928
-0.18750207
-0.4202477
-0.23768213
-0.38074425
-0.22056688
-0.07494159
-0.045608066
-0.10356659
-0.21464708
-0.076950535
-0.15946902
-0.16679253
-0.46443582
-0.23553701
-0.2650724
-0.25536415
-0.34641594
-0.39295447
-0.341341
-0.3862149
-0.3511631
-0.24496052
-0.26721674
-0.26663706
-0.053059638
-0.06352342
-0.08764658
-0.55075
-0.16099116
-0.29122102
-0.13203883
-0.4101112
-0.39758763
-0.36532354
-0.35650826
-0.34493315
-0.3020024
-0.3685247
-0.50893897
-0.056937583
-0.1299722
-0.07445263
-0.42851058
-0.12762709
-0.11135379
-0.09881953
-0.46286
-0.11998543
-0.08446444
-0.0888024
-0.46169254
-0.061291028
-0.09864718
-0.057602614
-0.5209667
-0.10276366
-0.10478264
-0.08185162
-0.52286047
-0.359455
-0.22401837
-0.18174982
-0.07780215
-0.10049218
-0.057858102
-0.52087504
-0.12009953
-0.1158623
-0.117027186
-0.44047424
-0.08954347
-0.07716466
-0.0959344
-0.49875176
-0.07604161
-0.09807388
-0.067234896
-0.5221817
