0.26351485
0.26009777
0.46262434
0.6867262
0.5665348
0.5587721
0.49311134
0.35487914
0.2628202
0.6837192
0.65286326
0.38063112
0.56415796
0.41479388
0.63522685
0.55278635
0.35374516
0.4969633
0.2635011
0.26059267
0.68670017
0.65563166
0.63810647
0.49308458
0.50451547
0.40267375
0.25941306
0.4608326
0.6528403
0.37913144
0.55752677
0.411393
0.63926154
0.5526023
0.49115008
0.40130314
0.26420236
0.26121917
0.35580912
0.9172859
0.26412913
0.26120588
0.3829379
0.41750395
0.35582098
0.9291177
0.26412442
0.3733924
0.40733027
0.56024736
0.3558047
0.9291017
0.2612093
0.37482375
0.40734133
0.35582933
0.4039332
0.9291071
0.2642351
0.2612514
0.5082929
0.9172758
0.26118696
0.64384556
0.49451032
0.3557553
0.9422587
0.26422167
0.26121393
0.56299084
0.41486797
0.94227844
0.2641411
0.41741368
0.56327885
0.40387163
0.94226277
0.26122302
0.68869567
0.35578457
0.91727
0.2641917
0.26121593
0.6293376
0.3985216
0.9422626
0.26122773
0.56820786
0.35579914
0.4038503
0.9422735
0.26414147
0.4944873
0.3557627
0.9172538
0.26125103
0.5581124
0.3558067
0.50416595
0.94226164
0.261256
0.3829171
0.35581627
0.50829047
0.9422612
0.26420107
0.56818146
0.41737625
0.91727555
0.26418942
0.26124546
0.4944656
0.91727483
0.2612297
0.6575309
0.35579216
0.9172728
0.2641772
0.6293366
0.39853707
0.91724604
0.2565957
0.44762808
0.9149286
0.26416922
0.6886376
0.3828917
0.91725487
0.2612517
0.45681888
0.55172616
0.9172586
0.25950438
0.37186185
0.914926
0.45689812
0.41190317
0.50830215
0.40384135
0.94225615
0.25939012
0.5445214
0.9149283
0.2612268
0.46394643
0.38289306
0.91726947
0.2594187
0.63059807
0.91492426
0.44917294
0.3752893
0.40197074
0.5517265
0.9422576
0.25664297
0.39189672
0.9149368
0.2641916
0.38293087
0.5082765
0.917248
0.46389621
0.41735277
0.49448973
0.9172536
0.26416916
0.5082783
0.40380505
0.91725904
0.2612359
0.38292086
0.35580432
0.91726726
0.26416817
0.46394858
0.4174017
0.9172669
0.475563
0.39156276
0.9149135
0.261258
0.38286877
0.3558014
0.91727674
0.2641882
0.41739482
0.50831705
0.9172553
0.4639077
0.49444988
0.40383276
0.9172475
0.26129475
0.38296556
0.3558106
0.9172622
