0.6146182
0.58958393
0.83421165
0.8498875
0.8323121
0.80715334
0.8158796
0.7470942
0.5620271
0.8084509
0.8406001
0.8071661
0.78144616
0.78218883
0.73398155
0.7295728
0.70330524
0.7466988
0.60942125
0.59592617
0.82882196
0.84745735
0.72772187
0.7742416
0.8078417
0.76595175
0.49820217
0.8332462
0.8014031
0.71907383
0.76332474
0.75113964
0.860183
0.7267937
0.7753919
0.80962974
0.61100036
0.5744823
0.6677432
0.9803342
0.56167626
0.5429304
0.6494223
0.6802519
0.62479365
1.0253803
0.52233326
0.5750787
0.64493275
0.7143703
0.58905005
1.0317096
0.511302
0.61384463
0.65588975
0.60262907
0.6930427
1.0195043
0.5990479
0.57491034
0.72764236
0.96744335
0.47824076
0.7333886
0.6644748
0.5603132
0.97699314
0.56931067
0.56365293
0.7109484
0.6459718
0.97820354
0.5041273
0.6477787
0.6885383
0.6600305
1.0180993
0.5531181
0.770161
0.6154585
0.97412986
0.5624441
0.52827007
0.7136684
0.58347523
0.9816122
0.53019136
0.71596664
0.6132289
0.65402275
0.980071
0.60576695
0.73086965
0.63435006
0.96704936
0.5166188
0.70222074
0.6123595
0.6838906
0.99836767
0.5175908
0.64319956
0.6048895
0.71368974
1.0136606
0.57977545
0.73243576
0.6618791
0.9693208
0.5832909
0.5633757
0.7358961
0.96712327
0.5403353
0.76672786
0.6215763
0.95778537
0.5674309
0.7231317
0.57691604
0.9639581
0.6260283
0.7439067
0.9436534
0.56076
0.75832796
0.64541024
0.9768926
0.5552186
0.66053206
0.72593516
0.9847295
0.6513329
0.73419374
0.9483846
0.6547964
0.6278316
0.6841063
0.65246487
1.0092149
0.61784834
0.7855342
0.9448917
0.5731728
0.72169983
0.6670824
0.97720444
0.62779814
0.81342185
0.94209516
0.6263174
0.5959004
0.6020774
0.6728948
1.0249846
0.6119264
0.7439398
0.93149036
0.58609045
0.6408767
0.72020835
0.98477286
0.69455963
0.67767406
0.7112538
0.9816642
0.54849905
0.71896887
0.69101393
0.96723866
0.55861914
0.6775296
0.65520406
0.9854791
0.5817211
0.7254396
0.6719125
0.9755517
0.75515157
0.70723295
0.9485765
0.567542
0.6771455
0.6500873
0.9801615
0.57553583
0.6976434
0.71760523
0.98161215
0.67323595
0.7057745
0.6621502
0.9895003
0.5401824
0.6855579
0.6553179
0.99472654
