0.5842685
0.5216292
0.7601568
0.74509513
0.7329469
0.7179474
0.7020129
0.6993261
0.522234
0.6722646
0.7390879
0.6679985
0.6645001
0.6914775
0.61794823
0.6152865
0.6545984
0.6347711
0.54441476
0.5324903
0.7403639
0.7397514
0.64456886
0.645074
0.70694417
0.69468975
0.45601192
0.71250993
0.70824414
0.6258042
0.64940226
0.6598076
0.7435537
0.60029733
0.6310848
0.6995918
0.56288666
0.54245335
0.62030745
0.938243
0.51743704
0.49582043
0.5993245
0.63159084
0.56450075
0.9638714
0.46963125
0.5000611
0.5914306
0.6333942
0.54943764
0.92777205
0.4679387
0.5648212
0.61394095
0.5600868
0.647319
0.93954164
0.5499344
0.5268172
0.68579036
0.9114151
0.46010286
0.67529035
0.5971593
0.5348154
0.875883
0.50395936
0.48146737
0.6547694
0.594184
0.8962343
0.47054315
0.5760031
0.64873385
0.6181847
0.9091093
0.4744097
0.71816176
0.58509487
0.8836152
0.5276538
0.49122688
0.6514448
0.54504734
0.88802105
0.46936095
0.669436
0.52977115
0.6144474
0.89474285
0.5498622
0.6822901
0.6032604
0.9007294
0.4841004
0.65851575
0.5478662
0.60958856
0.9119185
0.49711233
0.60218865
0.5659299
0.6782007
0.93996173
0.5076578
0.6967089
0.62830496
0.8876405
0.53772485
0.52902925
0.6860282
0.9041084
0.52633053
0.72580427
0.5820664
0.87773687
0.5538858
0.67466015
0.543127
0.8870791
0.5977894
0.7067347
0.9013988
0.5236138
0.70818645
0.59279317
0.88438666
0.5141221
0.6143996
0.65528977
0.9134078
0.60656965
0.693896
0.9073413
0.5976115
0.57984793
0.63110334
0.6010349
0.911737
0.5912504
0.7462011
0.87533617
0.5193933
0.67540103
0.61113775
0.91136384
0.58186054
0.76404804
0.8792187
0.57212675
0.5444132
0.55523354
0.6166137
0.916577
0.6003227
0.7039898
0.8879771
0.58122635
0.60429096
0.68586427
0.904443
0.64898896
0.63133126
0.6392566
0.89690715
0.5525597
0.6828981
0.64423853
0.90355194
0.51339555
0.6257435
0.60773003
0.92881477
0.5293989
0.6534917
0.6468471
0.9204364
0.70381385
0.67267394
0.87779003
0.524325
0.629268
0.6086055
0.93172455
0.5355094
0.6432137
0.67139006
0.9101841
0.6519737
0.6413588
0.6193422
0.89144874
0.5178809
0.6375364
0.59924823
0.9320059
