0.6085567
0.5516033
0.8039684
0.8062707
0.7849205
0.74763924
0.7589152
0.7222002
0.5152098
0.74607664
0.7840592
0.74020475
0.7275614
0.7359223
0.63578796
0.6604145
0.68230724
0.6801461
0.55019164
0.55340147
0.7693609
0.77877784
0.6722761
0.7082477
0.76269466
0.7268851
0.45892859
0.7419185
0.75104064
0.65439165
0.6928085
0.6963107
0.7831773
0.65675396
0.6953498
0.7485399
0.58691514
0.5684008
0.649971
0.9571381
0.5442698
0.5231091
0.6190163
0.66532326
0.581042
0.99297255
0.5066294
0.53570926
0.6215541
0.6727731
0.57208973
0.96318173
0.50274974
0.5819016
0.6289281
0.5727111
0.68331575
0.9722575
0.571978
0.55293095
0.7040736
0.93575275
0.4981276
0.71269
0.64918333
0.5527087
0.91467875
0.52266353
0.5212348
0.694919
0.6145227
0.950422
0.4769264
0.61251056
0.6763913
0.63398427
0.94761777
0.50573796
0.7462777
0.6023295
0.93301505
0.5527375
0.5308322
0.69038653
0.55768025
0.92727983
0.49952945
0.70071095
0.59442395
0.6457787
0.9405756
0.5941726
0.7131318
0.613087
0.9306366
0.48674643
0.6695362
0.5767391
0.6577527
0.9403944
0.48834115
0.61562085
0.6031929
0.6935204
0.9676829
0.5319625
0.7050704
0.65405387
0.9369745
0.5793545
0.5415967
0.71401566
0.9359245
0.5283072
0.7536362
0.5929342
0.9200962
0.55679417
0.69456476
0.56905437
0.9253749
0.59738445
0.7214652
0.928033
0.5429885
0.73188794
0.6190022
0.930216
0.54450923
0.63033366
0.6730145
0.93556833
0.6291374
0.69719535
0.9309884
0.6135808
0.61403257
0.6624286
0.61883754
0.9462876
0.59258986
0.7604931
0.9234908
0.54937327
0.6861136
0.64032996
0.94409585
0.5988193
0.7854695
0.9054789
0.5888956
0.5789873
0.5712817
0.65095097
0.9640529
0.60828453
0.72245073
0.91869783
0.595103
0.6189519
0.691721
0.94072115
0.67586154
0.65109116
0.6643374
0.9374006
0.53854895
0.6809483
0.6611534
0.9346182
0.53605336
0.6417401
0.6281569
0.9592356
0.5455092
0.66450894
0.66537225
0.9470393
0.7237209
0.703607
0.9136926
0.5487071
0.6639164
0.6503942
0.9540075
0.5475709
0.6564745
0.70459855
0.9341019
0.659493
0.66182715
0.6377797
0.92905194
0.52683514
0.6527161
0.62525684
0.961677
