0.49989945
0.50574
0.7660236
0.8138273
0.7770884
0.74860847
0.7571814
0.6200879
0.44856235
0.773347
0.7697905
0.6767986
0.75598824
0.6839469
0.7308967
0.7181609
0.5881973
0.69323784
0.5125697
0.4555514
0.76491976
0.82070184
0.7880206
0.72349834
0.73914474
0.6960941
0.42490435
0.7562512
0.7680272
0.6617216
0.7237176
0.6594486
0.7531731
0.74245036
0.7387942
0.7205178
0.6599056
0.6602165
0.77587867
0.95940655
0.60885453
0.5906556
0.7295695
0.8163377
0.6715556
0.9631897
0.52298874
0.62570953
0.70777917
0.8157634
0.64114875
0.95869744
0.5101476
0.6574949
0.7626153
0.68727946
0.82635367
0.944038
0.68640006
0.6596328
0.88773596
0.9383066
0.516427
0.85144377
0.77051026
0.63236
0.92457694
0.63508946
0.58127934
0.8499448
0.7523595
0.9401978
0.54410595
0.70305717
0.80534166
0.74254525
0.93972987
0.551999
0.9003921
0.67559654
0.94337994
0.61211693
0.55978304
0.87348557
0.62508136
0.9462503
0.60949665
0.84750116
0.6690058
0.7757112
0.93686306
0.6816803
0.8778604
0.74902266
0.9295759
0.5329129
0.8027756
0.63373524
0.8074039
0.95177984
0.56531376
0.7657266
0.7254945
0.8814861
0.9456907
0.6106252
0.8833355
0.7843668
0.9310761
0.6623776
0.63684624
0.92156017
0.92917424
0.63795656
0.91542256
0.70064116
0.93783474
0.62527
0.8531223
0.6175193
0.9409439
0.6940721
0.9217987
0.9090917
0.6184081
0.90431386
0.7174199
0.94015056
0.56638783
0.75759435
0.83563113
0.9335277
0.7550402
0.85648
0.9105579
0.7648906
0.7019628
0.8249895
0.7576006
0.94978166
0.6603837
0.9329548
0.91003674
0.59892416
0.85586834
0.787723
0.9287362
0.66195625
0.94819313
0.9211787
0.68043166
0.65268075
0.6593061
0.7835278
0.9573997
0.70202976
0.8965839
0.9025458
0.6650906
0.7698595
0.87974644
0.93159956
0.8089808
0.78891754
0.7878244
0.9253631
0.6014658
0.8502792
0.825099
0.9263681
0.6215009
0.7993765
0.7734776
0.9526734
0.64204633
0.8486013
0.80939233
0.9277209
0.87182426
0.83016986
0.9031472
0.6116344
0.8048534
0.76527375
0.93679476
0.6333704
0.80420804
0.87254775
0.9254598
0.7944744
0.83810645
0.7807584
0.9331691
0.63340545
0.7821897
0.75952905
0.9554029
