0.5546277
0.5412156
0.7866404
0.7686383
0.7549865
0.7449198
0.73209316
0.6869438
0.493856
0.70571923
0.7548101
0.7127046
0.6993514
0.70507574
0.64173657
0.66679835
0.65735835
0.6422897
0.52443105
0.5418497
0.7600927
0.75872636
0.646994
0.689306
0.72403026
0.71127266
0.4536681
0.7254505
0.7093667
0.62071323
0.65185726
0.68876356
0.77305585
0.6498165
0.6849468
0.73950386
0.5611001
0.5590329
0.6314919
0.9206999
0.5224049
0.47126657
0.5965936
0.64865386
0.5645623
0.95416147
0.5045276
0.5398283
0.59095395
0.64069206
0.5409642
0.95103925
0.4864681
0.5556799
0.6105603
0.5682912
0.6516753
0.9534942
0.55569136
0.5674413
0.69185364
0.92217183
0.48877847
0.6817984
0.62041444
0.5300241
0.9005487
0.52882534
0.4987758
0.66865337
0.5782789
0.91365546
0.46987906
0.5949077
0.63522404
0.6154006
0.929093
0.493962
0.72770965
0.58531344
0.9028303
0.5160527
0.51349866
0.662709
0.5229999
0.9128732
0.48045394
0.6805465
0.5618225
0.6273965
0.91890836
0.5556311
0.6921459
0.6028059
0.91281986
0.4906024
0.65563923
0.5488435
0.6252341
0.93053716
0.5059449
0.6064232
0.56525433
0.68665504
0.94992846
0.53315055
0.7006686
0.635841
0.90527135
0.5562049
0.54298097
0.6943249
0.9180728
0.5160917
0.7282596
0.5627218
0.8909136
0.54628676
0.6661174
0.5506764
0.90679294
0.60696375
0.71097374
0.90029544
0.5323645
0.70888335
0.6074414
0.8985363
0.52591217
0.621487
0.66332704
0.9300596
0.6142923
0.6948155
0.89898163
0.60011554
0.58502954
0.6322869
0.60938877
0.92589915
0.6021251
0.74606186
0.8932523
0.5436731
0.6700069
0.62575567
0.9252045
0.5883414
0.768612
0.89283925
0.57675934
0.554668
0.5688041
0.62850636
0.9443902
0.5943651
0.6997511
0.90011495
0.5654394
0.63000077
0.69225574
0.92493135
0.6370353
0.6258614
0.6451532
0.922271
0.53768206
0.68089783
0.67161906
0.9151353
0.5245841
0.6304456
0.60047954
0.9309137
0.5248078
0.66662985
0.6420253
0.9125188
0.7252729
0.6789187
0.8951967
0.5182815
0.6382616
0.6172583
0.9366864
0.51775163
0.64297867
0.67199445
0.92070794
0.62641776
0.66523993
0.6280632
0.9153964
0.5345776
0.6300214
0.60744166
0.93610054
