0.45474136
0.52838933
0.7152546
0.84690833
0.8165868
0.7683079
0.74169356
0.5726149
0.46774384
0.80632794
0.75461674
0.6227876
0.74125224
0.5685024
0.7731368
0.7013277
0.610266
0.63660765
0.48217058
0.46676427
0.8513909
0.85636413
0.74688673
0.76255167
0.6881969
0.5611247
0.48235622
0.7457636
0.80720377
0.49548534
0.66817236
0.62449956
0.7641816
0.6605548
0.6439843
0.5990353
0.49226397
0.4176962
0.61456656
0.9453967
0.53740174
0.48710212
0.62703055
0.62814313
0.48207232
0.90575206
0.449927
0.49634773
0.5065007
0.78078437
0.6862189
0.9061469
0.5053422
0.48231885
0.6253299
0.49610707
0.7305952
0.9127374
0.56149465
0.602616
0.7834861
0.9441617
0.51421314
0.91318077
0.82787585
0.5755464
0.92555076
0.5505959
0.57197773
0.8429594
0.7874462
0.92031467
0.51744986
0.72206134
0.8442463
0.7292149
0.9312845
0.5073115
0.9306343
0.6595274
0.94902724
0.536512
0.554962
0.7511996
0.52891606
0.9218391
0.5053858
0.88429374
0.6493921
0.76861584
0.9272345
0.49978387
0.88670707
0.7624923
0.9449529
0.5057155
0.86933047
0.6372141
0.780199
0.9270743
0.49947944
0.7534561
0.6241096
0.78588015
0.9269927
0.48842016
0.9268685
0.73493886
0.9530757
0.5023058
0.5017594
0.8950333
0.944491
0.5550955
0.9497858
0.63910025
0.9475465
0.56938595
0.8016826
0.74601287
0.95371723
0.5583034
0.81641704
0.9688922
0.55327344
0.94350415
0.7959907
0.9453725
0.55381215
0.789663
0.80164343
0.944413
0.57065445
0.78620917
0.9754671
0.71931726
0.70593625
0.8448613
0.7065677
0.9242004
0.59375936
0.9273709
0.9666582
0.54702747
0.79434735
0.68811476
0.9490406
0.616653
0.9465974
0.97223663
0.55340785
0.6403174
0.5878397
0.73508906
0.92188275
0.60642475
0.80808324
0.9779207
0.60628784
0.7930131
0.86608416
0.94482696
0.84692705
0.8576471
0.84030855
0.9442026
0.52110946
0.82142836
0.8102463
0.9548352
0.51256526
0.61260897
0.56987804
0.94475096
0.53075415
0.8117749
0.7336463
0.9475668
0.8837592
0.8582809
0.97060823
0.5298635
0.7201313
0.5394608
0.95260584
0.54520506
0.83207905
0.88800967
0.95354444
0.8026072
0.831726
0.78624
0.94584394
0.46868148
0.6890015
0.6126773
0.9415526
