0.64177805
0.6143593
0.89016676
0.9064437
0.89239603
0.8515545
0.8497971
0.7747167
0.58120024
0.8936788
0.8966757
0.81965965
0.8573909
0.8101648
0.78830206
0.83226186
0.7495708
0.7978999
0.62482315
0.5896205
0.87803143
0.91850364
0.80267006
0.8020244
0.8267237
0.8108222
0.5392307
0.8862283
0.8760062
0.8023133
0.82535726
0.80140734
0.89369816
0.80764496
0.8404646
0.87539476
0.64836967
0.60302734
0.72258687
0.990675
0.603784
0.57358444
0.7093022
0.73656416
0.6581434
1.0494092
0.5297958
0.6195008
0.69657564
0.74740034
0.6356125
1.0630767
0.54994804
0.6461673
0.7042178
0.64072853
0.7446608
1.04731
0.6167662
0.61586154
0.78729045
0.9927493
0.53037256
0.7848469
0.7318749
0.6013378
1.005518
0.57076645
0.5875325
0.7752527
0.6771074
1.015441
0.5352513
0.6849375
0.7523229
0.717804
1.0477753
0.5669978
0.8093718
0.6546547
1.0041022
0.589311
0.55062044
0.7839329
0.6284934
1.0084764
0.5600924
0.7736819
0.6352794
0.70940447
1.0122356
0.6126405
0.78747374
0.6803055
0.9920241
0.5517296
0.7624477
0.62263566
0.72471476
1.0325012
0.5638457
0.6931522
0.65553147
0.7775701
1.0363121
0.58436364
0.79313034
0.7236788
0.9871975
0.61417407
0.5992241
0.7959805
0.9862247
0.5852771
0.8277134
0.6583171
0.9680396
0.59235764
0.7818443
0.63412356
1.0013766
0.6644306
0.8043462
0.954738
0.5767996
0.8147534
0.70368975
1.0054941
0.59020823
0.71324
0.7627601
1.0083034
0.67384213
0.792836
0.95297885
0.7026981
0.6775317
0.7386939
0.7035515
1.0389186
0.6715643
0.8412184
0.9625931
0.596193
0.77863544
0.71104497
0.9982999
0.66124845
0.8692578
0.94899726
0.68097854
0.6664069
0.6626019
0.7260769
1.0585777
0.6699449
0.7888863
0.95853776
0.64569736
0.68266076
0.7746224
1.0007442
0.7405491
0.7190194
0.7475702
0.999574
0.5914212
0.7681533
0.75197685
0.99672085
0.63042665
0.71229994
0.69508976
0.9933246
0.60199636
0.7604002
0.72797406
0.9991313
0.78036076
0.7667321
0.9732163
0.59528273
0.72255564
0.68631285
0.99627244
0.6015662
0.73723334
0.75667447
0.9976297
0.72329885
0.7455746
0.7230253
1.0125332
0.5980718
0.7266781
0.6889254
1.008805
