0.6275356
0.61838716
0.8781506
0.9007845
0.88188887
0.833958
0.8623066
0.7817922
0.57803965
0.8809571
0.89994156
0.8299727
0.8502812
0.8246744
0.7846153
0.8206621
0.76235616
0.8042263
0.6253489
0.627301
0.88228196
0.891455
0.79217523
0.78950167
0.8369199
0.8210812
0.5433697
0.8836603
0.86700386
0.79900455
0.8246333
0.7972662
0.9204519
0.80461407
0.82102585
0.8828862
0.65290946
0.6246446
0.6996946
0.97814095
0.59507364
0.5656379
0.66923815
0.7393146
0.6393652
1.0553071
0.5430047
0.613887
0.6919066
0.75867665
0.62071073
1.0619073
0.54226667
0.6629674
0.7313668
0.6503568
0.75184405
1.0511816
0.6147405
0.59471494
0.7813785
0.98738927
0.5353239
0.7829522
0.7340935
0.61561686
1.0080175
0.583233
0.5546564
0.77512825
0.67354244
1.0189613
0.52709854
0.69674116
0.7363787
0.7020629
1.0380307
0.56398016
0.8065613
0.6531238
0.99607885
0.5848061
0.57374114
0.78549486
0.6323737
1.0103656
0.5457353
0.7590483
0.62118316
0.70157677
1.0149328
0.62050605
0.7797589
0.6662282
0.9813836
0.5486839
0.7516301
0.61179143
0.7392634
1.027108
0.55796576
0.7065722
0.6379782
0.7422661
1.0310239
0.58719516
0.79426354
0.69701546
0.9949783
0.6242253
0.59456253
0.78643495
0.97723275
0.58048105
0.8229053
0.65346444
0.9724694
0.6070946
0.7809787
0.6308651
0.9975153
0.63325906
0.80688196
0.94783443
0.583149
0.80516
0.6804326
1.0017283
0.5744633
0.70627815
0.7535724
0.9992483
0.67433226
0.76720655
0.95674133
0.70178497
0.6721408
0.72328156
0.6863601
1.0296354
0.6699321
0.8205165
0.96478915
0.6242888
0.7617047
0.7180432
0.99250865
0.63437384
0.8593058
0.96095145
0.6754831
0.6449225
0.6558163
0.7243766
1.0552939
0.65243804
0.784215
0.9499041
0.64334226
0.68639153
0.7674013
0.99620175
0.7306205
0.70353085
0.7351236
0.9989824
0.5909731
0.7617122
0.73535496
0.9929604
0.5826943
0.70970637
0.67921495
1.001855
0.5982286
0.7417918
0.72308534
0.9971144
0.785558
0.7511171
0.96997815
0.5899504
0.72253424
0.69448495
0.9909147
0.6006404
0.7236318
0.75588924
0.99264014
0.7121916
0.74488044
0.6916624
1.0062623
0.59103316
0.7253702
0.67536014
1.0046296
