0.6072654
0.55302465
0.8183829
0.8035486
0.79727256
0.7728979
0.7808755
0.7343382
0.5592902
0.74409175
0.8017113
0.7518704
0.72534394
0.7510754
0.6710222
0.6982467
0.6845177
0.6971866
0.5788826
0.5612801
0.78734416
0.80292094
0.6928601
0.725626
0.7644697
0.73958397
0.4713842
0.79067075
0.7564943
0.688764
0.708216
0.70922524
0.81763375
0.68008
0.71936804
0.7605943
0.5900715
0.56670684
0.65419436
0.94939363
0.5435186
0.5262545
0.62356204
0.6729365
0.57289946
0.9985481
0.49753556
0.55980235
0.617345
0.6699692
0.56174034
0.9814004
0.5008591
0.58090425
0.65122557
0.5906421
0.6826782
0.9773014
0.57595766
0.5722592
0.6986501
0.9416183
0.49138564
0.6965196
0.6476815
0.5660928
0.93561006
0.52308196
0.49961132
0.6947738
0.6074771
0.9396357
0.48454374
0.60816544
0.6665249
0.6307936
0.9726443
0.49195617
0.7394665
0.5874882
0.92981863
0.5166135
0.5199253
0.7015252
0.53843546
0.9325065
0.5107147
0.70360667
0.5860145
0.6254981
0.9414464
0.5461345
0.7168035
0.6162398
0.9448016
0.4632105
0.66034895
0.55609393
0.6464411
0.9554284
0.50689006
0.64979696
0.58757025
0.6961179
0.9786516
0.53489
0.7034583
0.64882565
0.9300073
0.5772176
0.55298895
0.7153836
0.9383744
0.5203311
0.7475266
0.5917266
0.91664445
0.5541091
0.7057559
0.5855838
0.9247828
0.59320843
0.7342104
0.91952944
0.53216076
0.73051643
0.6214993
0.9382115
0.53817374
0.63290477
0.68394786
0.9490241
0.62615806
0.7069907
0.9263899
0.622855
0.59463906
0.6641741
0.6225629
0.95568734
0.60917294
0.76272327
0.91275924
0.56184834
0.6933732
0.63654876
0.95791936
0.6116142
0.79107505
0.90540195
0.6027043
0.5749009
0.5801633
0.6530021
0.977744
0.6116032
0.7202223
0.9064297
0.5687254
0.622115
0.6850485
0.95602256
0.6852101
0.6549804
0.66145533
0.9451787
0.5699638
0.6833973
0.6879597
0.9373913
0.5488612
0.6418065
0.6315719
0.96579117
0.5391753
0.66212875
0.6427567
0.9566126
0.71844774
0.71727645
0.9193407
0.5584482
0.6522015
0.6451761
0.96161455
0.53170407
0.67133164
0.69676334
0.9338712
0.65486133
0.6757709
0.6395701
0.9435327
0.55612814
0.64618254
0.62652296
0.9662653
