0.638948
0.6031806
0.87123716
0.88902354
0.8765232
0.8424635
0.84322053
0.76430124
0.6030636
0.8662497
0.8992625
0.8320278
0.8434967
0.8188866
0.7622806
0.81754017
0.74878436
0.7848151
0.6339109
0.6121503
0.86707
0.8898417
0.76090163
0.7790075
0.8073664
0.7971041
0.52823305
0.8612561
0.8661562
0.77120143
0.81828004
0.7990011
0.8921117
0.80598366
0.79788154
0.8639398
0.6214992
0.60482997
0.6896616
0.9646715
0.57834256
0.53878736
0.687697
0.7145526
0.62880266
1.030931
0.53443915
0.6038068
0.6869363
0.74559003
0.61471117
1.0379498
0.5452088
0.65826637
0.69392216
0.62497276
0.7432198
1.0191817
0.62036395
0.5819831
0.75707674
0.95709604
0.5407324
0.75681543
0.69208455
0.6105637
0.9804082
0.5706719
0.552363
0.76075596
0.6676034
0.99369985
0.5048712
0.67362034
0.7158021
0.68113166
1.0116987
0.5661852
0.79739165
0.64290535
0.9709156
0.57793176
0.5535863
0.74777395
0.59881467
0.98279107
0.5406544
0.74766046
0.6176436
0.68902546
0.98644394
0.60691416
0.76516074
0.66874766
0.9603393
0.5021142
0.7337279
0.6081968
0.7034808
1.0030104
0.54512507
0.6888318
0.62746996
0.7529588
1.0013412
0.5867033
0.7701901
0.70417374
0.9724211
0.60459095
0.58917314
0.7717673
0.95841855
0.57256067
0.8072709
0.62463117
0.95111334
0.60267127
0.75069445
0.61587334
0.95859927
0.638083
0.7772185
0.9314295
0.58499616
0.7928658
0.65913147
0.97259647
0.6067172
0.6963955
0.7428655
0.9824047
0.65343684
0.7638384
0.92183506
0.68465936
0.65394545
0.71352327
0.6614376
1.0076107
0.64815205
0.822514
0.9373991
0.5924522
0.7380001
0.71016914
0.97442615
0.6534123
0.8411261
0.9376171
0.66472197
0.6300721
0.6387075
0.70741796
1.0280052
0.64929956
0.7686761
0.9186274
0.62244403
0.67239034
0.7440074
0.96430856
0.7051711
0.69969404
0.7225714
0.97403634
0.58145773
0.7355448
0.7074303
0.957758
0.59675854
0.69230837
0.6799409
0.9672414
0.6242749
0.7455747
0.7156495
0.9721082
0.77860475
0.74153817
0.94094837
0.5769676
0.69851136
0.67763853
0.96697986
0.587244
0.71510357
0.7522367
0.96609414
0.7015739
0.7243051
0.70568734
0.97226495
0.6026579
0.7097466
0.661524
0.9838046
