0.6079667
0.5674657
0.85127574
0.88288957
0.861071
0.8325079
0.83372176
0.73734415
0.5830166
0.882346
0.8804805
0.8069442
0.84095716
0.8064674
0.782045
0.7897248
0.71080905
0.7741686
0.60870695
0.57945174
0.8498256
0.8914563
0.8019395
0.79933643
0.81123763
0.78051925
0.52833354
0.8549559
0.8655504
0.77673465
0.8114972
0.7791832
0.8732956
0.8074646
0.83229786
0.84857076
0.63997185
0.6310955
0.7325623
0.98256695
0.60321873
0.56411165
0.71326363
0.7458486
0.6667838
1.054643
0.55444974
0.6283065
0.70815784
0.77480686
0.6366579
1.0613451
0.5469832
0.66354984
0.7334665
0.6444075
0.7677118
1.0434924
0.6341356
0.6131589
0.8084498
0.9867018
0.5183377
0.8189666
0.7503023
0.6186341
1.0054693
0.5917133
0.57665926
0.80939
0.7077134
1.0188739
0.5560783
0.7101009
0.7613687
0.7408295
1.0432802
0.56315494
0.84483063
0.6677423
0.99754035
0.6029983
0.56124026
0.8093237
0.64316785
1.0126489
0.56870973
0.80031633
0.6613004
0.7320735
1.0133668
0.612151
0.8028985
0.7031665
0.98296046
0.52708423
0.7516748
0.62753546
0.75879884
1.023528
0.5536226
0.7014823
0.6765155
0.7940082
1.0192288
0.6072708
0.82079756
0.73483026
0.9970949
0.6450995
0.6133177
0.82224375
0.9802025
0.60244894
0.8604005
0.6589977
0.97675747
0.62489504
0.80489653
0.6598205
1.0037487
0.65578914
0.847589
0.95206976
0.60001963
0.83779615
0.69119614
1.000281
0.57464063
0.73671186
0.779832
1.0086994
0.68889046
0.80050004
0.9466945
0.7202804
0.6975332
0.77752167
0.7175582
1.0241668
0.67043346
0.8626987
0.9601332
0.599615
0.7862241
0.7310347
0.99564147
0.64834315
0.8954075
0.9711803
0.69666123
0.6405536
0.680625
0.7463811
1.05574
0.6621145
0.81624097
0.9500348
0.624376
0.70370024
0.79626226
0.9935069
0.76229626
0.73265696
0.76473695
1.0008532
0.5952717
0.7884734
0.76660794
0.98953205
0.6120803
0.7384602
0.703043
0.9934541
0.61484075
0.771814
0.7375517
0.99746996
0.82023114
0.7866898
0.9655233
0.61255616
0.7420493
0.70317364
0.98697793
0.61161095
0.75272673
0.78438735
0.9909435
0.75137943
0.76793534
0.7420737
0.99984914
0.6109159
0.75121975
0.7048666
0.9992026
