0.5906569
0.5928852
0.81890243
0.82330674
0.8193706
0.78081506
0.8002166
0.7334572
0.5506991
0.7825022
0.8408211
0.7729779
0.7582864
0.76612014
0.6932121
0.71943516
0.705834
0.7297019
0.6066543
0.5749297
0.806535
0.8299458
0.7160666
0.7322585
0.7823551
0.7444732
0.4865612
0.7980452
0.77784675
0.70973724
0.7274226
0.7320247
0.8524333
0.69926316
0.74589366
0.7664557
0.5954843
0.55517906
0.65212977
0.9445089
0.542812
0.5272592
0.630202
0.6893877
0.5943424
1.0000353
0.48117852
0.5467224
0.6053086
0.67601395
0.5572968
1.009446
0.50905275
0.57623434
0.6395109
0.59146076
0.67739606
0.9909597
0.55645794
0.56277514
0.7244103
0.9392358
0.4894774
0.7097514
0.6675005
0.55634004
0.9530478
0.52696633
0.5226358
0.68922514
0.6211623
0.9579239
0.5304907
0.62057495
0.66944826
0.64994395
0.9784502
0.50712
0.73230296
0.5945538
0.9450127
0.5528401
0.5047586
0.7168095
0.57000244
0.9578125
0.5234978
0.70562875
0.5765273
0.6259953
0.95760405
0.56428534
0.69945186
0.6179608
0.93623585
0.5042429
0.67625576
0.58346957
0.6558089
0.9604081
0.5005176
0.6441163
0.60846174
0.69170415
0.96563435
0.5723117
0.7353935
0.65658915
0.9445468
0.58288664
0.56605494
0.71725607
0.94631195
0.53126055
0.75582147
0.5958122
0.9280222
0.56187785
0.7253599
0.581013
0.95449054
0.6205848
0.73909473
0.9147081
0.56555617
0.75148606
0.6389271
0.9512152
0.5338965
0.64233685
0.692901
0.9571822
0.63518524
0.7137015
0.9223412
0.6353709
0.6174079
0.6819084
0.6335622
0.96784
0.6303696
0.7605457
0.924522
0.55179787
0.6987879
0.65252167
0.948451
0.58677125
0.77989066
0.9291669
0.63304263
0.58398503
0.5974352
0.64942193
0.9854274
0.6270788
0.71998596
0.918109
0.5838394
0.62470645
0.71639615
0.95233494
0.6520535
0.6535899
0.6839351
0.9527814
0.5546421
0.7048371
0.68652153
0.9446169
0.55539846
0.64786124
0.6316047
0.94887215
0.56086594
0.6956571
0.66934043
0.946045
0.74111384
0.7134973
0.92737705
0.54926085
0.65827477
0.6469974
0.9531241
0.5532849
0.6589897
0.7100734
0.9414929
0.6551156
0.68751997
0.6540038
0.9503221
0.57160145
0.6588535
0.6244883
0.96353364
