0.40948322
0.42834407
0.7721033
0.8555928
0.8212667
0.7902447
0.7453859
0.5566968
0.3787587
0.794141
0.79271656
0.54368603
0.74372286
0.6068433
0.74903965
0.6655904
0.46407714
0.5593806
0.47741553
0.5274442
0.8308107
0.84096974
0.8012527
0.75427026
0.7369502
0.61386734
0.37395322
0.7550049
0.8153937
0.5368767
0.7281435
0.5270383
0.7934807
0.7397774
0.70969844
0.6475132
0.67196727
0.53432167
0.80088866
1.0604199
0.43728995
0.42544812
0.6601965
0.82404387
0.59435964
1.0184797
0.35384285
0.4449546
0.64758134
0.88048804
0.59897596
0.9677252
0.32613987
0.5557165
0.67016405
0.5998967
0.83928156
0.9979554
0.5583147
0.672838
0.91889536
0.9700535
0.42357776
0.94684625
0.8367521
0.6804125
0.9444172
0.5389193
0.7179669
0.86965334
0.7476311
0.9537958
0.5331226
0.7115577
0.85449904
0.8137191
0.9560652
0.47956786
0.9617679
0.68339527
0.9367941
0.6332758
0.5616488
0.8756642
0.61674047
0.9734854
0.4640775
0.9151322
0.6679678
0.78193337
0.96099937
0.60998255
0.86742723
0.7153058
0.9668333
0.44727215
0.83246243
0.60154116
0.7677952
0.94772625
0.37560108
0.70611185
0.6609747
0.9172271
0.9752431
0.5463747
0.92066574
0.7988382
0.9397677
0.62057495
0.7266122
0.9375953
0.9598662
0.5582003
0.9600095
0.68117696
0.96042216
0.63464427
0.8906279
0.6391163
0.95931375
0.6556018
0.9546503
0.9715018
0.61221653
0.9494238
0.72259855
0.93328965
0.696263
0.7332041
0.85015935
0.9537677
0.696896
0.84825325
1.0125065
0.7689561
0.70481706
0.8651434
0.7400014
0.9465007
0.5978609
0.9777728
0.93701255
0.611274
0.8961464
0.84751004
0.9858751
0.65452176
1.0065752
0.9255375
0.56651014
0.60696256
0.54029626
0.7547708
0.9668398
0.72221243
0.926478
0.98161983
0.63785386
0.7128046
0.90847915
0.9625115
0.83389723
0.8211589
0.81533444
0.9373336
0.5750723
0.90098614
0.84398735
0.94517666
0.4860149
0.74743646
0.6673221
1.035622
0.55119807
0.89286125
0.8367792
0.96946913
0.8805155
0.8783636
0.91506225
0.52655655
0.7327281
0.68198645
1.0289836
0.68031853
0.8206674
0.88337857
0.94850016
0.8156566
0.8603241
0.8002161
0.93615496
0.46374583
0.6645531
0.65850306
1.0453681
