0.59972495
0.5809161
0.8097377
0.81161493
0.80151707
0.7716553
0.75970596
0.7465547
0.561032
0.7607717
0.8066344
0.78554356
0.736303
0.7398659
0.6624401
0.69224036
0.7054208
0.6997288
0.56344
0.55978864
0.79773533
0.80302864
0.6905013
0.7126566
0.78285265
0.7358395
0.49097687
0.753924
0.7552158
0.6983009
0.70416266
0.6983843
0.79982805
0.68368894
0.7177122
0.7636805
0.59544927
0.546093
0.6482745
0.95534
0.55268216
0.5271231
0.6128626
0.64043623
0.5774787
0.9918275
0.5072545
0.5344211
0.6090928
0.66720784
0.57179624
0.9781051
0.50249165
0.58467865
0.6218084
0.5964737
0.67578614
0.98920506
0.5830832
0.5503364
0.7141784
0.93666875
0.46347514
0.70010024
0.64675397
0.5508981
0.9287114
0.52058
0.50796086
0.6945269
0.601168
0.9518251
0.4844262
0.61873984
0.66281104
0.6437611
0.9616614
0.51011765
0.7178726
0.5725698
0.9428947
0.53209054
0.50125104
0.6849478
0.56243783
0.9346162
0.5057302
0.69416714
0.58116394
0.65045184
0.9446964
0.5691062
0.7067041
0.62668824
0.9475243
0.48283383
0.6721875
0.5677369
0.65267926
0.9574499
0.51799655
0.6349758
0.59895706
0.6952995
0.97611904
0.5379371
0.7124611
0.64452314
0.93807995
0.5560739
0.539698
0.70587337
0.9481863
0.51057905
0.746122
0.5979706
0.9185801
0.5587801
0.69236183
0.5644988
0.931262
0.5848231
0.7247282
0.91653126
0.56420594
0.7305896
0.629761
0.93906623
0.5474355
0.64432746
0.6756365
0.9471676
0.62422144
0.70285004
0.9281085
0.63198274
0.6078173
0.65762067
0.60982454
0.95347315
0.61488515
0.76848435
0.9173811
0.5483326
0.70426047
0.6393874
0.9445473
0.61580443
0.7830149
0.9173007
0.59254605
0.5634435
0.58015424
0.6447958
0.9741416
0.6026774
0.7109241
0.9085322
0.5928823
0.6428904
0.69920737
0.94234335
0.6661294
0.6493894
0.67735404
0.9287042
0.5475238
0.69693065
0.67062694
0.93932056
0.5672639
0.65466887
0.63892144
0.9529241
0.55715865
0.6817216
0.67018723
0.934033
0.7345796
0.69881076
0.91398185
0.56143725
0.65191245
0.6223874
0.960334
0.5490761
0.67818373
0.7043364
0.9457139
0.63833827
0.66879445
0.6437165
0.94901234
0.56805944
0.64510334
0.6315924
0.9614011
