0.59147614
0.57908267
0.8545129
0.85251504
0.8296754
0.80787367
0.81853735
0.76620966
0.5785447
0.81689125
0.85763186
0.8013993
0.8042433
0.7793371
0.7305467
0.7663031
0.73681307
0.7447967
0.607232
0.57664233
0.8385349
0.8468906
0.7477547
0.7641175
0.79714525
0.78412485
0.46369198
0.8410769
0.814002
0.72537136
0.76816744
0.7668067
0.8612754
0.73626274
0.7774813
0.81456745
0.6091878
0.5924308
0.66461253
0.95825654
0.55767596
0.50839657
0.645312
0.69806117
0.6199862
1.0087979
0.5078114
0.5877876
0.63590086
0.69966763
0.59886426
1.0090435
0.5181713
0.5883182
0.65004796
0.6042815
0.702661
1.0038124
0.5981968
0.5757391
0.7239668
0.9503029
0.4984012
0.7333392
0.68924224
0.5794641
0.9736601
0.55901223
0.53057057
0.7161945
0.6274091
0.9711646
0.50502706
0.62839174
0.68017304
0.6517032
0.9867246
0.54182446
0.7702351
0.6075338
0.96325845
0.55512124
0.52394176
0.72130525
0.59295195
0.9728501
0.51037467
0.7239544
0.58622813
0.65766877
0.965306
0.59868556
0.72710955
0.6475625
0.9645068
0.5018524
0.707471
0.5891866
0.68638426
0.9791948
0.5411922
0.6492728
0.6147689
0.70299184
0.99375576
0.5557123
0.72656816
0.67091423
0.9549354
0.59150064
0.56096596
0.75226647
0.96257377
0.55399984
0.767708
0.6082832
0.94529366
0.58462495
0.7357199
0.5910952
0.94744045
0.6364858
0.7559627
0.9175913
0.5533853
0.76500964
0.6459661
0.9694876
0.5822304
0.6728205
0.7210652
0.9770521
0.6546829
0.7227433
0.9264955
0.65607375
0.62606484
0.68537736
0.6426615
0.98331803
0.66038835
0.799344
0.928264
0.57510406
0.7049532
0.66671205
0.9611191
0.6296719
0.8159789
0.9385187
0.6184007
0.5920983
0.60170555
0.665762
1.001986
0.6168523
0.7363426
0.90199083
0.6165687
0.6581734
0.7207846
0.9545532
0.6940483
0.6838875
0.6870737
0.96488714
0.55499357
0.71095383
0.68751234
0.9494939
0.57355344
0.678838
0.65560097
0.951397
0.6033976
0.7073376
0.67908186
0.96111804
0.7434324
0.7401025
0.9399404
0.5558269
0.6667774
0.65825474
0.9551538
0.5709068
0.6927317
0.70833945
0.9562537
0.6840298
0.6857042
0.6673399
0.966506
0.5652172
0.6596467
0.647999
0.95375156
