0.5716574
0.5466471
0.8288285
0.8652641
0.8442436
0.80653864
0.8062152
0.71807545
0.5618435
0.8609903
0.8475043
0.76355666
0.8209837
0.7657962
0.78304654
0.77979594
0.6827027
0.7570221
0.56729054
0.5427682
0.8241771
0.87920564
0.80035263
0.7899324
0.7844599
0.7636326
0.47982898
0.8182121
0.8300458
0.743538
0.7744543
0.73721164
0.8239008
0.7890568
0.7926475
0.8168273
0.6693174
0.6537758
0.75140524
0.9620503
0.6202058
0.5817323
0.71741474
0.78231615
0.6829636
1.0213996
0.54007196
0.62209576
0.7044331
0.78890914
0.64097273
1.0229276
0.5451321
0.67289424
0.7322158
0.68335706
0.80031544
1.0020993
0.6326035
0.6368693
0.8416203
0.9812894
0.536009
0.81613904
0.7479382
0.6401472
0.97949624
0.60461664
0.587521
0.81416404
0.7214359
0.9885528
0.5328778
0.710449
0.78091913
0.7465031
1.0073293
0.5673066
0.87150615
0.6919368
0.977822
0.60299855
0.56680506
0.8263435
0.62713647
0.99030435
0.5719863
0.82349926
0.6658622
0.7416899
0.98383003
0.64950806
0.8484501
0.72124994
0.96695673
0.5405921
0.7880945
0.65713453
0.7732012
1.0070068
0.5604334
0.7366744
0.67185766
0.82142437
1.0007281
0.59927166
0.84559983
0.73922527
0.9694759
0.64888424
0.62050384
0.8520222
0.9600918
0.6151387
0.8779813
0.67547077
0.96135336
0.6004287
0.80810535
0.6450804
0.9786984
0.6706685
0.86362535
0.93117857
0.5971661
0.86845666
0.7090219
0.98316365
0.58046585
0.7280739
0.79062074
0.9800731
0.6994472
0.81934035
0.9367252
0.7293709
0.68917584
0.793983
0.72735375
1.0015221
0.6696214
0.8888659
0.93845063
0.61880636
0.8296245
0.7345965
0.9714031
0.66659456
0.91173655
0.9469191
0.68854797
0.66418564
0.67203236
0.7454918
1.0239787
0.6570149
0.8396861
0.9245458
0.63077724
0.7449475
0.8226709
0.9759966
0.7792839
0.7387624
0.77390563
0.9799827
0.58761805
0.82040906
0.7870645
0.97348434
0.6517339
0.759172
0.74582887
0.97212714
0.604213
0.7989071
0.76887095
0.97675824
0.8302265
0.8002939
0.94443154
0.6239991
0.7676792
0.7420798
0.965805
0.6434645
0.75592256
0.8115848
0.97344816
0.7641179
0.7914167
0.75366193
0.97847885
0.64045805
0.7551352
0.7224766
0.97943395
