0.59260035
0.54324734
0.8008168
0.77705824
0.78064436
0.75549084
0.7626735
0.7112009
0.56175053
0.7250279
0.7748473
0.7428305
0.7122015
0.7404665
0.65294653
0.68518573
0.6730409
0.7042037
0.5850498
0.5578643
0.7639964
0.7784324
0.6703592
0.7119524
0.766476
0.7337996
0.45487875
0.74915916
0.7426438
0.6539168
0.6792449
0.6923984
0.7838981
0.6547518
0.69477844
0.76268524
0.5896685
0.5712144
0.6571302
0.92349654
0.54797024
0.48152408
0.61730903
0.6669017
0.5997426
0.96954393
0.48925912
0.5424431
0.6195062
0.6672863
0.5582751
0.95425874
0.48873144
0.57356393
0.62579864
0.5839337
0.66017634
0.962465
0.57242924
0.545728
0.7051829
0.92727655
0.45772144
0.69165975
0.6434837
0.559479
0.91100043
0.53146887
0.4970879
0.66415226
0.6179912
0.92070156
0.48866227
0.60531265
0.6477208
0.64232475
0.9428878
0.52682686
0.7332961
0.6050328
0.9008342
0.5410687
0.4977927
0.6793109
0.5399176
0.92267793
0.51290077
0.6803416
0.5789919
0.6186734
0.9215497
0.5581075
0.6857035
0.6160927
0.92079055
0.47384328
0.67175627
0.5553311
0.6431347
0.9387096
0.50351584
0.63728875
0.58604264
0.68406487
0.95059913
0.5399243
0.6944865
0.6410575
0.90737474
0.5771463
0.54767215
0.70926356
0.9245062
0.51755786
0.7495544
0.5943947
0.8859236
0.5451037
0.68714166
0.56239504
0.9081828
0.598119
0.72970366
0.90860206
0.53035617
0.7263111
0.6049845
0.9034688
0.5318642
0.641197
0.6601244
0.93427914
0.6203935
0.6995498
0.9028735
0.6314314
0.58316624
0.65255755
0.6149702
0.94194317
0.6033134
0.75465375
0.88968825
0.54062974
0.7005943
0.6354355
0.93041974
0.5974614
0.7730077
0.8872115
0.59465647
0.58309317
0.57411164
0.63796407
0.9527057
0.60593814
0.7133775
0.9033459
0.58052224
0.6095694
0.694979
0.9242697
0.65903366
0.6265233
0.64808846
0.9234318
0.5528292
0.68365437
0.6632741
0.9268049
0.551145
0.6382461
0.6431205
0.9347869
0.5536494
0.6789848
0.64358723
0.9318976
0.7098283
0.70628726
0.9186027
0.55826896
0.63994646
0.62669474
0.93151647
0.5574795
0.6623988
0.70329773
0.93797106
0.6545403
0.6639033
0.6503228
0.93453723
0.5254421
0.64640963
0.6221381
0.93842494
