0.5580249
0.51861906
0.82888114
0.85511416
0.8396952
0.7905644
0.7932523
0.7014094
0.5131909
0.840852
0.83616924
0.7486394
0.7938824
0.741299
0.7527241
0.76601195
0.64487773
0.7400001
0.5476816
0.5381856
0.8140231
0.85976726
0.8110572
0.7559703
0.7661771
0.7491662
0.46175775
0.8183784
0.8093889
0.71233594
0.7786482
0.70712113
0.8252125
0.7753365
0.78516924
0.79386234
0.6857794
0.6527882
0.77498376
0.9735424
0.61194515
0.580055
0.74120814
0.78324854
0.69542605
1.0170906
0.52529305
0.62066114
0.7317966
0.8126723
0.6572021
1.0122155
0.51994455
0.6855277
0.75214845
0.6707023
0.81614906
1.002327
0.6739556
0.64669865
0.85201645
0.96701384
0.5222434
0.85497016
0.75909764
0.638343
0.9728743
0.5868683
0.59060395
0.8329129
0.7230665
0.9968201
0.5332423
0.73945534
0.7778443
0.75394857
0.9976928
0.5651416
0.8921824
0.68312275
0.9869173
0.6130676
0.56554085
0.83658767
0.6475644
0.99431396
0.63137746
0.8495843
0.68150115
0.7621395
0.9809171
0.66818404
0.85520726
0.76722217
0.9669389
0.51664907
0.8074893
0.64986414
0.7864403
0.9888804
0.53527397
0.74324346
0.69945776
0.8328915
0.98909223
0.6118619
0.8744705
0.7634301
0.97694224
0.6713142
0.6610267
0.8898013
0.9710605
0.611081
0.91916126
0.684853
0.96309596
0.6186009
0.8324169
0.6343619
0.97768027
0.6953006
0.8891409
0.9406876
0.6074379
0.8964655
0.73601156
0.98879397
0.5925928
0.74053097
0.81105286
0.982585
0.7212751
0.8314174
0.95263964
0.74972486
0.7175567
0.8132239
0.7683367
0.9913687
0.7044013
0.9154422
0.9563979
0.6129222
0.8494923
0.7594992
0.966622
0.6609455
0.937163
0.95572996
0.70101935
0.65669197
0.6794316
0.76997507
1.0213233
0.7071414
0.88504845
0.94055396
0.6621063
0.7567151
0.8487094
0.969946
0.81199837
0.76895356
0.7981698
0.9723701
0.59333146
0.8381889
0.8249913
0.96388656
0.6562605
0.78960454
0.75926375
0.97735333
0.6249892
0.82671964
0.79365176
0.9653349
0.857157
0.8102248
0.95291406
0.66258156
0.79148436
0.7488465
0.97457695
0.62171185
0.7870294
0.850942
0.9656212
0.7860054
0.81908625
0.7888965
0.97451544
0.6578836
0.7817016
0.7530267
0.98478794
