0.59207696
0.58014494
0.84365815
0.8607273
0.8450712
0.80521375
0.8309395
0.76718074
0.5603943
0.83773977
0.8661099
0.8151847
0.8210401
0.7980972
0.73416036
0.7781849
0.7364174
0.76483965
0.58581305
0.5778035
0.84441215
0.8733665
0.7454913
0.7607939
0.8042239
0.7866489
0.543697
0.85311073
0.8257896
0.75050765
0.7868072
0.7738287
0.8808529
0.76123697
0.7758961
0.8267185
0.6157935
0.6060898
0.67296183
0.94533205
0.57507277
0.531185
0.6644028
0.69277954
0.62358403
1.0158187
0.5354434
0.59384066
0.66937065
0.6954375
0.59262586
1.0144234
0.52579004
0.61613226
0.6810873
0.6181579
0.7146017
1.0061389
0.6177156
0.58760554
0.73683506
0.9498577
0.4912045
0.73770326
0.6858648
0.58792144
0.9656607
0.5613488
0.5530445
0.7311344
0.665371
0.962283
0.49987844
0.64666224
0.69862217
0.674674
0.9957251
0.55399036
0.7696854
0.6127127
0.9555933
0.5691727
0.53986895
0.7299526
0.5808124
0.96751237
0.5185796
0.7306749
0.6198481
0.6627918
0.96103853
0.60917366
0.74871147
0.6528901
0.94809574
0.509628
0.71712273
0.59031737
0.6952154
0.9773971
0.53389066
0.6650899
0.6330956
0.72798455
0.99070597
0.58285344
0.7499837
0.67405957
0.95448774
0.60735667
0.57167745
0.745557
0.9415605
0.57372653
0.777919
0.62580997
0.9417586
0.60358196
0.75422937
0.6059625
0.9526468
0.6124373
0.7743054
0.9231371
0.5519172
0.7734144
0.6396496
0.9571738
0.5642775
0.68232036
0.7372466
0.96882856
0.6645412
0.7283217
0.91288024
0.6524331
0.6480346
0.7099792
0.6500413
0.98539305
0.64050007
0.8141067
0.91927505
0.5673034
0.7326136
0.6695035
0.97300243
0.6221842
0.8361501
0.93244666
0.6570039
0.61450744
0.6161226
0.6961121
1.0081763
0.647212
0.7703051
0.9085187
0.60780054
0.650037
0.72990066
0.94995236
0.6970456
0.6706675
0.6997588
0.95814407
0.56056017
0.71405905
0.71629816
0.9500585
0.59311646
0.6800887
0.6722607
0.9539872
0.5784832
0.7129075
0.6984996
0.9571087
0.7492382
0.73818326
0.9272136
0.5751932
0.68306607
0.66813844
0.9602078
0.5674127
0.6914414
0.7339403
0.94760525
0.6918089
0.71006656
0.68075204
0.95031995
0.5754148
0.6968313
0.6651931
0.9605167
