0.6444448
0.5983427
0.8414086
0.88293135
0.85454065
0.8299816
0.8321101
0.76863194
0.60733724
0.83596313
0.87839997
0.83033717
0.8220013
0.82597023
0.7571912
0.78275985
0.76766396
0.7744678
0.63939804
0.5990817
0.8604273
0.8721834
0.75328624
0.7669606
0.82322794
0.80705994
0.5297267
0.8582317
0.84571254
0.7720901
0.79072464
0.78419805
0.8902257
0.7597372
0.79352576
0.85553545
0.62384427
0.6095855
0.6877337
0.9768925
0.5766374
0.55870193
0.6648373
0.707828
0.6403661
1.0497776
0.5197444
0.59545904
0.6765361
0.7180772
0.6012862
1.0455577
0.5505024
0.61859757
0.6698613
0.62360793
0.7220518
1.0366626
0.6143705
0.6057096
0.75343984
0.9764835
0.5138771
0.75506556
0.6892942
0.604663
0.99098855
0.55184686
0.56507826
0.7425979
0.6593832
1.001215
0.5208014
0.6666497
0.70603997
0.68067956
1.0234373
0.5546114
0.78713614
0.6344237
0.9839979
0.5885105
0.53379047
0.7496997
0.60030305
0.9868422
0.55357975
0.74413466
0.6151409
0.6948064
0.9978843
0.59346217
0.7510199
0.66066325
0.96987826
0.545903
0.7174427
0.6037502
0.7060218
1.0139365
0.542511
0.67641836
0.63161904
0.73482025
1.0153171
0.5655554
0.73107064
0.67576224
0.97734785
0.60925496
0.5836063
0.7732382
0.9721152
0.5781568
0.79026467
0.6302813
0.9618893
0.5775361
0.7381135
0.60761064
0.9735383
0.6306112
0.7837801
0.9395325
0.5935574
0.7827382
0.65870875
0.9873843
0.58381927
0.6866097
0.74456334
0.9901095
0.64453
0.75304043
0.95267445
0.6710454
0.6428128
0.70920926
0.6614493
1.0246323
0.6543748
0.8083771
0.95213443
0.5968957
0.7259425
0.6767717
0.98365027
0.62890303
0.82014096
0.95458966
0.6622222
0.6214449
0.63942945
0.6997088
1.0395161
0.65238816
0.75723994
0.94499147
0.62041014
0.6573382
0.75432605
0.9904595
0.72215
0.69078463
0.7038618
0.9816259
0.58042306
0.7330093
0.719193
0.9782038
0.5829992
0.69383293
0.6767399
0.994951
0.5709138
0.7348213
0.7086141
0.9809971
0.765156
0.751087
0.9584453
0.59266925
0.70271236
0.67231613
0.9896164
0.5780744
0.71079546
0.7374979
0.9840217
0.7121102
0.7147815
0.68826467
0.99416995
0.6147542
0.6910551
0.6626577
1.0072335
