0.64366543
0.6116987
0.8811513
0.9016381
0.8876995
0.857244
0.8593783
0.79000235
0.6113309
0.8675912
0.8966099
0.84290195
0.86267424
0.8372831
0.77681726
0.8299078
0.78386796
0.79151857
0.6323591
0.6180271
0.8855388
0.90557027
0.7816466
0.79892945
0.84395194
0.8185906
0.5279361
0.86443585
0.864142
0.7904277
0.82847536
0.80829114
0.9288276
0.7892903
0.83287203
0.86894685
0.63512087
0.6026842
0.70401347
0.9820292
0.59434974
0.5710325
0.66826844
0.7193382
0.64184886
1.0593247
0.53949004
0.5940318
0.6769607
0.746275
0.62495744
1.0508146
0.52899075
0.64439064
0.6945159
0.64332277
0.7492081
1.0472863
0.6310269
0.6221974
0.7704692
0.9898896
0.52051157
0.7754694
0.7119481
0.6251871
1.0039812
0.56900257
0.552591
0.75126743
0.68628794
1.0108428
0.5345686
0.68750066
0.7238592
0.71490824
1.0302583
0.5781764
0.7992616
0.6297076
0.99378395
0.5868752
0.57612145
0.75676376
0.61270237
1.0081761
0.5597
0.7629369
0.6365887
0.6912142
1.0096381
0.61090636
0.7775176
0.66389006
0.98375505
0.5294007
0.7287541
0.6229012
0.7312541
1.0233449
0.5565362
0.6940919
0.6411427
0.7558113
1.026757
0.60226554
0.78545624
0.7018369
0.9870967
0.6266675
0.58944035
0.77417374
0.9797176
0.5759048
0.8130607
0.6518047
0.9787018
0.6055274
0.77636594
0.62955755
0.99024075
0.640588
0.80798787
0.9520148
0.5745316
0.8020482
0.68842196
0.9927727
0.56460476
0.69161636
0.7516578
1.0022945
0.6602815
0.75860345
0.9527622
0.6862917
0.65570086
0.71303314
0.68680483
1.0292948
0.65248024
0.82130235
0.9654339
0.6100143
0.76069784
0.6945164
1.0018057
0.6446242
0.8495027
0.96046656
0.6775998
0.64140457
0.67169726
0.71258724
1.0597231
0.6663933
0.77414465
0.9529019
0.6363957
0.6826633
0.7656065
0.9893066
0.7297409
0.70335644
0.73249424
0.99549747
0.6176286
0.7581139
0.7369827
0.99158376
0.6138721
0.7167063
0.67776275
0.99470025
0.59928465
0.73762304
0.7059746
1.0005401
0.78143394
0.75138533
0.9629671
0.5837203
0.71437395
0.68266344
0.9907351
0.6065358
0.72514784
0.7596455
0.98752046
0.7127006
0.7339162
0.6878688
1.0061133
0.60157585
0.7057585
0.6732869
1.0119493
