0.5891437
0.5574468
0.8249748
0.8299618
0.8157605
0.7895712
0.79013044
0.7485936
0.55047417
0.78568834
0.84025896
0.76921594
0.76688457
0.76801586
0.70803165
0.7309809
0.7027477
0.73102957
0.584713
0.57742566
0.80474305
0.84409726
0.7168071
0.7397446
0.787861
0.7646314
0.48825932
0.8030145
0.79528075
0.69346905
0.72854406
0.74622625
0.8343957
0.71319115
0.75644326
0.76970094
0.60313904
0.57743436
0.65706605
0.9667406
0.5685289
0.5482488
0.6542838
0.6805288
0.61020553
1.0060519
0.512754
0.56855744
0.6258747
0.6830841
0.58408237
1.0083859
0.49896643
0.5902246
0.6476353
0.5993184
0.6835038
0.99369097
0.58741075
0.5696834
0.7158981
0.95559555
0.4845556
0.7185949
0.6588779
0.57735336
0.9489845
0.53657895
0.53046125
0.71260643
0.6169523
0.96359116
0.50950325
0.6058151
0.6844136
0.64927536
0.9873297
0.5202984
0.7473246
0.5958002
0.9519901
0.5551451
0.52170104
0.6956858
0.57354546
0.95303
0.503009
0.70227987
0.58493364
0.64468664
0.954337
0.55377805
0.72535414
0.62276024
0.9495902
0.4877162
0.6755017
0.5735107
0.6720087
0.98452127
0.49086097
0.6622802
0.5927876
0.7043106
0.9870186
0.55656433
0.7239259
0.67047864
0.9433322
0.57943714
0.5729751
0.7330205
0.9463501
0.52960145
0.76368076
0.6082697
0.9404394
0.5604579
0.7166691
0.57835567
0.9437932
0.61717546
0.73569506
0.92708355
0.5581265
0.7447481
0.6320286
0.9546479
0.5423584
0.64766484
0.69521904
0.97185445
0.64133996
0.7210229
0.9285328
0.63024175
0.62042713
0.6903917
0.6466964
0.97704166
0.62454534
0.78229666
0.91781557
0.5694498
0.7128446
0.6359619
0.9624398
0.6170786
0.7979635
0.93025297
0.61421293
0.57535183
0.60104555
0.6706685
1.0014771
0.61312366
0.72705084
0.92355037
0.5870946
0.632265
0.7026602
0.95636344
0.67454094
0.6435689
0.688469
0.9537361
0.5680199
0.70707405
0.68407464
0.9561509
0.5525569
0.67449206
0.6382416
0.95700735
0.5517819
0.6918403
0.6641535
0.9484995
0.7188034
0.70583546
0.9266406
0.5687717
0.669459
0.64197314
0.9668331
0.5711661
0.6693106
0.69781256
0.9638046
0.66755515
0.69161576
0.6627134
0.9572542
0.55617416
0.6831606
0.63950914
0.9716544
