0.61940795
0.5814973
0.86529356
0.89082175
0.8847735
0.8436972
0.8354217
0.76289487
0.5877285
0.8891884
0.89885265
0.8136361
0.8660974
0.813284
0.79128647
0.8127124
0.72699636
0.7833801
0.627406
0.6018421
0.8579969
0.9101678
0.8117157
0.79317665
0.80948937
0.7910729
0.5282457
0.8585767
0.8711842
0.7899531
0.80684394
0.79050726
0.8890234
0.81541556
0.8311117
0.8652641
0.6453194
0.64090407
0.71816885
0.9807734
0.58041656
0.55445766
0.7088837
0.74727565
0.66483414
1.0514969
0.54870486
0.61944103
0.6939997
0.7629528
0.6326661
1.0630864
0.556748
0.64889514
0.7110705
0.656759
0.75798583
1.0429155
0.639811
0.5975374
0.8020663
0.99128515
0.53147966
0.7992181
0.72240496
0.6238094
0.9960608
0.58125454
0.5614189
0.78038055
0.6863286
1.0157826
0.54352987
0.6861854
0.7567522
0.6956784
1.0391811
0.5622554
0.8317744
0.67022043
0.9934901
0.5678827
0.57119644
0.80143213
0.620041
1.0003376
0.55882144
0.78023744
0.64730096
0.7288504
1.0087456
0.6224766
0.79896146
0.68563753
0.976855
0.5421929
0.75965565
0.63776886
0.74641156
1.0274563
0.55670685
0.68894345
0.64160025
0.79792434
1.018492
0.59714407
0.7994027
0.7214272
0.99440706
0.6115442
0.5930967
0.8142282
0.97067827
0.57754165
0.84731865
0.65374964
0.9667063
0.6235431
0.80264205
0.6435586
0.9871805
0.6628328
0.82694584
0.9501443
0.6039176
0.824306
0.69794196
0.9972916
0.59374475
0.7179394
0.7819338
1.0037289
0.6936476
0.78959423
0.93916065
0.72073835
0.6880813
0.73911417
0.7110674
1.0390434
0.67610884
0.8572872
0.957755
0.60103285
0.7806751
0.71460825
0.9940184
0.6590941
0.87071383
0.95581615
0.6929378
0.6355853
0.6609253
0.7220687
1.051072
0.6556271
0.81218207
0.9428986
0.62247425
0.69387484
0.77943814
0.99156183
0.73605984
0.7238041
0.743848
0.999453
0.58556944
0.7682057
0.7456543
0.9899943
0.61204976
0.73633736
0.7143467
0.99473596
0.6022897
0.7727347
0.7405551
0.99937963
0.81461406
0.77338886
0.9584488
0.6125299
0.72888386
0.70072854
0.98223376
0.61400187
0.74047816
0.76709306
0.9919919
0.73525935
0.7622584
0.7148667
0.9978212
0.6118424
0.73032004
0.69514555
0.99707794
