0.5050799
0.4650344
0.7636947
0.81469846
0.7756828
0.76678133
0.7448409
0.5990204
0.43680483
0.7668273
0.7557248
0.68016404
0.74257666
0.65042835
0.73036647
0.70208055
0.522552
0.6093467
0.46975335
0.43697986
0.78276956
0.80496806
0.7776529
0.7299496
0.71032035
0.6888622
0.37859082
0.728521
0.750419
0.60694754
0.71052915
0.6119995
0.7665657
0.70518786
0.73419106
0.7083396
0.6528335
0.68610907
0.77502495
0.9981201
0.55612975
0.5584887
0.7325461
0.83148384
0.69169706
0.98395926
0.47339284
0.57592195
0.73463774
0.8502296
0.6861933
0.9377853
0.51913434
0.64787006
0.7792483
0.6743378
0.86312735
0.9499284
0.6641821
0.65858454
0.92050827
0.93299127
0.5232323
0.9045884
0.8127374
0.66124725
0.9001453
0.60662127
0.6312351
0.87671727
0.77775097
0.92999756
0.5494881
0.75570595
0.83374846
0.7875063
0.91681784
0.5386575
0.9339089
0.6647808
0.92871946
0.6181479
0.57650876
0.8876029
0.622481
0.9329808
0.5666408
0.9080056
0.67920136
0.8311783
0.9242364
0.67689776
0.9118259
0.7643246
0.936416
0.5154332
0.8373407
0.650935
0.79982597
0.9130639
0.55873567
0.8241699
0.7010715
0.89582926
0.9515776
0.62267774
0.9248184
0.80425906
0.92335516
0.6688942
0.6636104
0.9370801
0.94512016
0.62087315
0.96657246
0.7210271
0.93283206
0.6578652
0.8813784
0.6023146
0.92051893
0.64145464
0.9092693
0.8975879
0.5974645
0.94332254
0.7600725
0.92682344
0.553073
0.7371662
0.8241142
0.9049555
0.762169
0.90769076
0.9681499
0.77870643
0.7198544
0.8513389
0.7696244
0.9228361
0.7110087
0.9651196
0.91369694
0.6003103
0.88651663
0.81885463
0.9247458
0.6352377
0.9798782
0.9216125
0.6391442
0.66558737
0.6444518
0.7705049
0.93889064
0.7146858
0.87876624
0.9167474
0.7156399
0.78410006
0.9183644
0.93776804
0.8357073
0.83064383
0.83105564
0.91633004
0.5960043
0.8822719
0.8647655
0.9189846
0.59889716
0.7947888
0.7581104
0.9918623
0.6156179
0.8840785
0.81605834
0.91898584
0.899352
0.8436289
0.910557
0.5455406
0.8306222
0.78778386
0.97967124
0.6601507
0.84917605
0.9192263
0.9240781
0.7984682
0.849789
0.81258094
0.91604376
0.6210834
0.79368263
0.7258729
0.9883636
