0.5538156
0.51396877
0.76494443
0.77454907
0.7618076
0.7300505
0.73930186
0.7044963
0.50440806
0.71094066
0.74770266
0.7083456
0.6922609
0.69805723
0.6316904
0.6428661
0.675091
0.65823233
0.5561071
0.5209724
0.7481456
0.76710147
0.6603217
0.6736561
0.7316558
0.71058387
0.43219134
0.7042521
0.7311577
0.6260267
0.6316193
0.6762027
0.77996385
0.6190093
0.67411697
0.7078446
0.5844726
0.5480354
0.63414395
0.9437306
0.5448419
0.5101526
0.6121497
0.63914776
0.5682836
0.97632146
0.46156678
0.5109777
0.5782909
0.64943963
0.5521696
0.9396254
0.45986935
0.5651449
0.609225
0.5614208
0.65039647
0.9617234
0.5449542
0.5318238
0.6965436
0.9219522
0.46188658
0.6894842
0.636173
0.5292997
0.893799
0.5348893
0.5122129
0.684777
0.59897125
0.9151201
0.47706795
0.6054554
0.64116406
0.6154376
0.93048763
0.4808694
0.728337
0.5883622
0.9161687
0.52361333
0.48989624
0.66829276
0.53640795
0.9034345
0.49370125
0.68201107
0.55584747
0.62514764
0.9073575
0.5466807
0.6854941
0.6240326
0.9072704
0.45512775
0.65907407
0.5525122
0.633749
0.9242307
0.4906672
0.6215981
0.5902423
0.6884
0.9491779
0.5320619
0.7031141
0.62773126
0.9050421
0.5617888
0.5280439
0.6973525
0.9117875
0.53267
0.7275269
0.57840294
0.8998133
0.5513169
0.67762184
0.5503194
0.90190685
0.5948031
0.7064999
0.906981
0.55015826
0.7293273
0.5988635
0.90173185
0.53737473
0.60492766
0.6703735
0.91362566
0.60348743
0.6920123
0.9101289
0.6070066
0.5801427
0.63853866
0.6083822
0.9216741
0.60485226
0.7553146
0.8941913
0.5324043
0.6855739
0.6282717
0.9262908
0.59246665
0.76821554
0.88960135
0.5968316
0.55559194
0.56401986
0.61288774
0.9329553
0.6108466
0.70272064
0.90256524
0.5731839
0.6307484
0.69772303
0.9280401
0.6414241
0.6199252
0.64384925
0.91294163
0.5330945
0.69195604
0.66637623
0.9142016
0.54103
0.63497543
0.61378366
0.9414363
0.53441197
0.6564388
0.6600995
0.9196998
0.6947001
0.69233143
0.9033897
0.5445977
0.6395088
0.6100556
0.9489031
0.53561634
0.6519701
0.66104704
0.9152394
0.63154703
0.6714756
0.61702263
0.90987515
0.5459723
0.63513047
0.60946083
0.9450602
