0.23359796
0.2142247
0.22411469
0.24034216
0.22736382
0.22280066
0.24248454
0.25035214
0.23653811
0.24366258
0.2504012
0.23920955
0.25434574
0.26749134
0.23925206
0.2551885
0.26237532
0.28623915
0.25487784
0.23630635
0.24859375
0.23740177
0.29643726
0.24719325
0.2484542
0.24496505
0.2262194
0.23329888
0.25202432
0.2524962
0.23866904
0.265074
0.24838184
0.25795925
0.2363944
0.24296892
0.2482325
0.27570894
0.25744262
0.2677584
0.24758923
0.2562723
0.23904766
0.24185252
0.25058734
0.16345634
0.15220395
0.14624205
0.15525189
0.11696597
0.13403104
0.17118917
0.12456685
0.12658772
0.12610246
0.12614071
0.10931674
0.1269668
0.08011459
0.07949047
0.10986588
0.121921174
0.10435201
0.06459897
0.08081393
0.1608166
0.1628909
0.13524316
0.15434128
0.1430494
0.14016898
0.13420682
0.14924379
0.13557659
0.15393908
0.14556044
0.14615491
0.14194818
0.14441413
0.1619018
0.13174006
0.12354164
0.09696118
0.09307604
0.10001355
0.1176112
0.15124573
0.19379485
0.14532818
0.1459911
0.15052076
0.16743508
0.1479439
0.15560246
0.1496833
0.16752368
0.15678886
0.15485267
0.15893851
0.11631912
0.13549897
0.07538156
0.065565936
0.09658523
0.09285089
0.15058768
0.15307577
0.12442026
0.09824944
0.09938991
0.10160869
0.12486129
0.117460854
0.16197185
0.16729654
0.14439651
0.10967833
0.12528378
0.12729347
0.1148758
0.12350787
0.11435934
0.17734063
0.17051214
0.17350654
0.16905777
0.16542137
0.16359654
0.16677457
0.18299308
0.16769703
0.17803903
0.16513461
0.16752289
0.1931735
0.17624287
0.17259738
0.17205767
0.23313347
0.17390954
0.117936686
0.10273203
0.100145034
0.08938302
0.11203082
0.103792004
0.10772286
0.13148089
0.15061748
0.13449977
0.12515135
0.23067199
0.13891692
0.21380928
0.13420102
0.15543374
0.15100086
0.1447001
0.14380352
0.124418736
0.6236112
2.2146113
1.8701856
0.18155529
1.6758924
1.6242117
1.8421113
-0.059134133
1.8059223
1.2536106
-0.013234379
1.7963505
0.35405716
0.3890923
0.06814572
-0.05948135
1.8422862
0.31891105
0.057651762
1.8701977
0.36175212
2.147107
0.26588884
0.057092182
0.25962973
2.2731023
0.31487265
0.02165957
1.4980068
0.008232803
0.09595653
0.30889273
0.1061645
0.10815854
0.2610416
1.633722
0.07703646
