0.2846166
0.29008976
0.29737097
0.23751345
0.27510196
0.27174014
0.24663574
0.26210994
0.2741881
0.25468996
0.24612582
0.24734642
0.2547993
0.25141004
0.25245595
0.24679437
0.23601481
0.24020703
0.24711077
0.25665167
0.2505783
0.24568696
0.31520376
0.2755882
0.3471741
0.25972474
0.25928906
0.26777792
0.24283594
0.26601866
0.2609225
0.24755546
0.26167288
0.25935927
0.26028943
0.2573851
0.24481824
0.25031784
0.23809464
0.2604632
0.2528725
0.24125157
0.24444857
0.25106212
0.24619843
0.28515592
0.3205695
0.23760995
0.2573433
0.2591588
0.2421492
0.28040847
0.24692558
0.25093004
0.24850444
0.26842326
0.31891048
0.27467996
0.24669445
0.25203648
0.3039532
0.2728038
0.29605576
0.2584056
0.24330187
0.3106321
0.33714557
0.27039865
0.27478513
0.2635424
0.25289983
0.23826599
0.23398185
0.253201
0.26891983
0.24733788
0.24600458
0.24792922
0.24530481
0.29402336
0.2983688
0.29722446
0.25796023
0.2593513
0.25158152
0.23801054
0.29306754
0.36376303
0.2618822
0.26395044
0.2635879
0.26341358
0.25062612
0.24838585
0.2521441
0.26236507
0.24407843
0.2484281
0.2396212
0.32034957
0.2967745
0.2630985
0.2619739
0.28370926
0.27607122
0.27721542
0.3148141
0.33990628
0.2713737
0.25192443
0.26027167
0.2603551
0.27489233
0.27263865
0.30247247
0.29380646
0.2609333
0.2547948
0.23966615
0.24244393
0.24184862
0.26024258
0.28431377
0.31535947
0.2427574
0.26265004
0.26982102
0.26348802
0.25377107
0.24621873
0.24733198
0.23889837
0.2689625
0.2554622
0.2511668
0.25325745
0.24090306
0.24641252
0.41408974
0.31446403
0.25347558
0.25620222
0.25313428
0.26128352
0.25377277
0.24188277
0.24943517
0.2935962
0.31243464
0.27607808
0.25151455
0.29299992
0.25576025
0.26703322
0.2620227
0.22719432
0.25497416
0.23305842
0.24407822
0.34236005
0.18715903
0.2140452
0.23339432
0.2129404
0.25802583
0.17471604
0.2565079
0.26000834
0.09873328
0.24504857
0.2878566
0.2236014
0.2869461
0.244222
0.24912553
0.23302402
0.06876274
0.26799378
0.25710565
0.05956402
0.235941
0.18756738
0.25342944
0.2590255
0.22948694
0.07522974
0.24874905
0.23991705
0.22103854
0.24843818
0.29115418
0.26166612
0.20436764
0.20149873
0.24462472
0.26053157
0.22747649
