0.18036278
0.18931349
0.23125799
0.19501744
0.18401593
0.19717467
0.21504301
0.21024473
0.2078755
0.2251885
0.2078061
0.1990592
0.21330659
0.23428266
0.21420023
0.19772594
0.2077347
0.22179687
0.20502757
0.20288219
0.186833
0.19099149
0.2340149
0.21459366
0.20160516
0.20791167
0.17785788
0.18886581
0.19744098
0.20996864
0.19974355
0.23460183
0.23415779
0.19860633
0.20498148
0.20963371
0.21619211
0.22678955
0.20496541
0.2150459
0.19128436
0.20740414
0.2036165
0.2033029
0.19219449
0.17112172
0.15551676
0.16115797
0.17461397
0.13761929
0.1545965
0.2032347
0.14614004
0.1498504
0.1448902
0.1322514
0.11327135
0.14643945
0.10955054
0.10309572
0.10650509
0.15023595
0.104182795
0.09699153
0.10246877
0.15648408
0.1451065
0.13336654
0.16986702
0.14374103
0.13313125
0.15579931
0.15098329
0.14466192
0.16405413
0.14860168
0.14725886
0.1466437
0.15124291
0.14748965
0.12945774
0.12523578
0.102682434
0.09781087
0.10497036
0.12380089
0.15689984
0.21359357
0.1539438
0.15665892
0.14356314
0.17481036
0.15285581
0.16116899
0.15630634
0.1787405
0.15943417
0.16021594
0.16535704
0.14045236
0.16810682
0.11296015
0.10016819
0.12732987
0.11396908
0.14356633
0.17919171
0.12477074
0.11124656
0.10861254
0.12081591
0.1322896
0.13420038
0.16266166
0.16197564
0.14544998
0.12548113
0.13179497
0.13964951
0.11722079
0.13235217
0.121906266
0.17404544
0.17313632
0.17787163
0.16940112
0.17680581
0.15637669
0.17512242
0.17920536
0.18201557
0.17733003
0.17604963
0.17266475
0.18541305
0.1752433
0.17020959
0.16773
0.2581547
0.1779355
0.12524447
0.11682142
0.112650305
0.097277746
0.11688081
0.11269414
0.10884399
0.12106391
0.14834853
0.14925928
0.15840356
0.2667359
0.15652288
0.25528067
0.1523226
0.16364785
0.16183782
0.16565934
0.15282734
0.1953546
-0.015931113
1.7512921
1.3713254
0.36815932
1.2818426
1.4710114
1.3955191
0.12959589
1.7856838
-0.23273934
0.16776554
1.6510925
0.009155767
0.032827895
0.262495
0.15219137
1.7560558
0.39341962
0.04833151
1.7656196
0.37004077
1.6270486
0.349526
0.13574456
0.3484299
2.314126
0.40332934
0.1393376
1.126444
0.080179915
0.18511237
0.021078883
0.09530852
0.1845581
0.019856106
1.2112772
0.22947803
