0.16557619
0.13135697
0.15099558
0.17682494
0.14989336
0.1684976
0.15042317
0.16543822
0.17024048
0.17869163
0.16125391
0.15587974
0.16294186
0.19063577
0.17229557
0.15251893
0.15383412
0.17363293
0.16254973
0.15065186
0.14875992
0.15683556
0.14872281
0.1409566
0.13346319
0.14929894
0.12266965
0.11450701
0.11723591
0.13973288
0.15208797
0.16427524
0.15114093
0.12765384
0.13399018
0.1429021
0.14140303
0.14503142
0.1309777
0.1498912
0.11895725
0.1151243
0.12880705
0.12371324
0.11987053
0.20267744
0.16066785
0.1790477
0.21470854
0.14619263
0.16387238
0.238231
0.15274562
0.16056472
0.15920454
0.17166397
0.14676516
0.1525726
0.15549408
0.16237766
0.12141869
0.14922085
0.14425012
0.16125089
0.17881314
0.15934104
0.15980028
0.12600645
0.16246271
0.13701077
0.13296911
0.16275078
0.15081553
0.13252717
0.1710826
0.1411893
0.14150181
0.13533632
0.13560754
0.14103448
0.13601106
0.13317615
0.120711245
0.11077414
0.116718404
0.14203556
0.1341104
0.2519712
0.14245471
0.15275584
0.14427727
0.18032245
0.15300578
0.15856913
0.1306332
0.18321908
0.13436893
0.1423615
0.14054342
0.1676106
0.16675816
0.12872112
0.11740929
0.12917027
0.12290294
0.15398082
0.17712075
0.12949456
0.11310834
0.11614347
0.12034297
0.13400906
0.12844267
0.13881113
0.16292094
0.16565779
0.13465905
0.13643639
0.14497888
0.115959235
0.123561
0.119718544
0.116596185
0.11671508
0.1294458
0.09708498
0.10685836
0.09191832
0.12169023
0.15030259
0.11712765
0.10797
0.10757684
0.109493434
0.14065088
0.11573249
0.11699811
0.110859275
0.30633393
0.20420407
0.15171373
0.15201308
0.11872382
0.120785646
0.13463554
0.13797148
0.12407101
0.13157944
0.16579333
0.16968302
0.17217441
0.3189697
0.17548938
0.2964863
0.15901744
0.18296571
0.1711015
0.1756622
0.16275172
0.26719946
0.107181616
1.2204642
-0.16004087
0.38050598
-0.053157795
1.3181865
-0.118749045
0.32578343
1.5767554
0.05041216
0.33601108
1.3605722
0.16361262
0.046581157
0.34783372
0.30000222
1.5660967
0.42380807
0.1806471
1.5543027
0.33426335
-0.27987286
0.396547
0.2579311
0.39950165
1.8595299
0.40127403
0.24205375
-0.050634462
0.21023096
0.25939372
0.16691068
0.19606484
0.29832467
0.22163454
-0.0864493
0.26689646
