-0.32135984
-0.3176336
-0.33311337
-0.5094339
-0.49999693
-0.47199386
-0.46824008
-0.45235437
-0.4546946
-0.43765366
-0.47442713
-0.44498774
-0.48196137
-0.4358993
-0.4473233
-0.51167256
-0.43154263
-0.43869478
-0.4833526
-0.48227018
-0.48400414
-0.46539137
-0.31616879
-0.3418777
-0.26751447
-0.50442827
-0.5015392
-0.5005263
-0.45063612
-0.45133892
-0.4315624
-0.40249825
-0.41920182
-0.45553994
-0.44291404
-0.4802303
-0.44385818
-0.41731793
-0.45206314
-0.45361996
-0.46537945
-0.47536382
-0.5087081
-0.53031796
-0.5198584
0.1340938
0.13254462
0.08776239
0.14242148
0.07732208
0.06206225
0.17108786
0.07773351
0.08056644
0.078531705
0.22488816
0.20594451
0.19495587
0.218956
0.22053602
0.12606867
0.18310896
0.17403595
0.15754755
0.23253264
-0.02304331
0.06565232
-0.101224355
-0.024795514
-0.076384805
-0.0614105
-0.021089362
-0.09655843
-0.08065394
-0.0019517638
-0.058987863
-0.105898954
-0.106940255
-0.11410308
0.16272253
0.17573926
0.19878273
0.14202102
0.12006531
0.14753392
0.19073756
0.10708203
0.18391667
0.020589272
0.07383715
0.033673704
0.09119776
0.05103064
0.09609831
0.046761222
0.09623891
0.04750581
0.055711698
0.05185396
0.1595239
0.16336721
0.14691506
0.10078178
0.11836943
0.15319908
0.15403253
0.15154147
0.169694
0.08910441
0.09481666
0.110472985
0.13344355
0.10294905
0.15706602
0.16551623
0.14640999
0.1442822
0.10884411
0.117909305
0.10741798
0.12344312
0.11439601
-0.103392914
-0.12934835
-0.18804103
-0.18200824
-0.13762079
-0.18250991
-0.12642431
-0.09776254
-0.14839926
-0.15315762
-0.12780827
-0.15969706
-0.11781502
-0.19471683
-0.21185796
-0.19744708
0.3237955
0.22178818
0.13587956
0.14897045
0.09914714
0.09952873
0.0991794
0.11690798
0.11760633
0.032181714
0.020988435
-0.03901279
0.004903382
0.15030278
0.015061079
0.13232173
-0.0016156395
-0.008942852
-0.007152216
0.0052157664
-0.006148434
0.27759382
0.21363173
-0.062426165
0.07948119
0.3407557
0.1319263
-0.20670706
0.09790118
0.24167393
-0.6001132
0.20218037
0.283325
-0.18642816
0.21767649
0.15763047
0.30334947
0.24192274
-0.6158688
0.28126568
0.23292176
-0.40285873
0.28109184
0.07232914
0.3650006
0.21471576
0.38377696
-0.4293874
0.2801775
0.24389881
0.12925375
0.20891753
0.24164899
0.1766535
0.24214272
0.29487306
0.19601122
0.09492962
0.3225061
